/*--------------------------------*- C++ -*----------------------------------*\
| =========                 |                                                 |
| \\      /  F ield         | OpenFOAM: The Open Source CFD Toolbox           |
|  \\    /   O peration     | Version:  v1806                                 |
|   \\  /    A nd           | Web:      www.OpenFOAM.com                      |
|    \\/     M anipulation  |                                                 |
\*---------------------------------------------------------------------------*/
FoamFile
{
    version     2.0;
    format      ascii;
    class       volVectorField;
    location    "1000";
    object      U;
}
// * * * * * * * * * * * * * * * * * * * * * * * * * * * * * * * * * * * * * //

dimensions      [0 1 -1 0 0 0 0];


internalField   nonuniform List<vector> 
2475
(
(0.9726198269 0.006441890991 0)
(0.9437972802 0.006970428871 0)
(0.9113971815 0.006846366155 0)
(0.8757730919 0.0066671372 0)
(0.838151596 0.006444368851 0)
(0.7985824974 0.006184218306 0)
(0.7568548881 0.005903307514 0)
(0.7128876144 0.005608251861 0)
(0.6666667275 0.005298651614 0)
(0.6181913718 0.004971910797 0)
(0.5675049962 0.004620609091 0)
(0.5148206619 0.004231409072 0)
(0.4605598679 0.0037792531 0)
(0.4057698737 0.003223711488 0)
(0.3522356665 0.002513975724 0)
(0.3034888016 0.00163149389 0)
(0.263801291 0.0006732523549 0)
(0.2370824064 -0.0001113038959 0)
(0.2214884246 -0.0005278102584 0)
(0.2135571984 -0.0005827157071 0)
(0.2080149756 -0.0004455111892 0)
(0.2038267522 -0.0002723546228 0)
(0.1983448324 -0.00014382074 0)
(0.1932388097 -6.410536596e-05 0)
(0.1865718994 -2.279842512e-05 0)
(0.181095997 1.295541884e-06 0)
(0.1740530992 1.328541595e-05 0)
(0.1690255604 2.198487667e-05 0)
(0.1619518401 2.628704041e-05 0)
(0.1577837016 2.90209568e-05 0)
(0.1506579153 2.980952916e-05 0)
(0.147634703 2.712787694e-05 0)
(0.1401993212 2.936271819e-05 0)
(0.1385680505 2.394817533e-05 0)
(0.1303337034 2.552215238e-05 0)
(0.9894692875 0.005967315235 0)
(0.9916698013 0.007692696284 0)
(0.9914278359 0.008069190812 0)
(0.9889669871 0.008456971372 0)
(0.9848536892 0.008806503937 0)
(0.9794472142 0.009101142228 0)
(0.9719962985 0.009369111894 0)
(0.96277538 0.00962512542 0)
(0.950997418 0.009859757239 0)
(0.9370596553 0.01007233469 0)
(0.9199141353 0.01023863157 0)
(0.9001762637 0.01034089165 0)
(0.8765662285 0.01031205932 0)
(0.8503103388 0.01007653383 0)
(0.820204272 0.009476601323 0)
(0.789167409 0.008392892366 0)
(0.7568444435 0.0067812943 0)
(0.7283144609 0.004939501346 0)
(0.7014247478 0.003311218731 0)
(0.6795312401 0.002240655725 0)
(0.6570027551 0.001672639591 0)
(0.6379270072 0.001431081141 0)
(0.6160533433 0.001302449158 0)
(0.5977259013 0.00122528224 0)
(0.5755855382 0.001125586307 0)
(0.5583152125 0.001042346322 0)
(0.5362187584 0.0009313989103 0)
(0.5208682968 0.0008502514293 0)
(0.4990243071 0.0007448706836 0)
(0.4863872274 0.0006790553024 0)
(0.4645929403 0.0005873008891 0)
(0.4553791982 0.0005399945116 0)
(0.4328990704 0.0004667213809 0)
(0.4278113937 0.0004404496874 0)
(0.4032340276 0.0003823107278 0)
(0.9897046726 0.00631604107 0)
(0.992292325 0.007847612055 0)
(0.9935161546 0.008060065468 0)
(0.9945350691 0.008431045455 0)
(0.9944170554 0.008818709252 0)
(0.9951737441 0.009169108656 0)
(0.9945309234 0.009504625777 0)
(0.9946851361 0.009861049554 0)
(0.9930293876 0.01021249592 0)
(0.9922201119 0.01058055646 0)
(0.9890112609 0.01091694636 0)
(0.9866354318 0.01122939505 0)
(0.981054857 0.01140588174 0)
(0.9763319949 0.01138616453 0)
(0.9674553213 0.01092786488 0)
(0.9598022191 0.009914067646 0)
(0.9474480864 0.00823412275 0)
(0.9378808921 0.006297180906 0)
(0.9239635748 0.004602538672 0)
(0.9145984449 0.003586320207 0)
(0.9001228664 0.00310715879 0)
(0.8908299853 0.002977474831 0)
(0.8747787304 0.002898206412 0)
(0.8647317658 0.002861928824 0)
(0.8462992754 0.002731250438 0)
(0.8355450224 0.002631830168 0)
(0.8145947099 0.002436091799 0)
(0.803750062 0.002310096242 0)
(0.7802692971 0.002086201384 0)
(0.7702093823 0.001967588886 0)
(0.744063605 0.001737160288 0)
(0.7358991011 0.001648934118 0)
(0.706645733 0.001426463361 0)
(0.7017346959 0.001384993947 0)
(0.6683561689 0.001180756236 0)
(0.9898963796 0.005688307547 0)
(0.992314471 0.007216556843 0)
(0.9929098155 0.007565944961 0)
(0.9946161817 0.008042586841 0)
(0.9941535636 0.00851710022 0)
(0.9959498802 0.008944074891 0)
(0.9953446982 0.009328112674 0)
(0.9972490906 0.009745272333 0)
(0.9963764541 0.01014033188 0)
(0.9984681446 0.01057406761 0)
(0.9973100831 0.01096001101 0)
(0.9995949009 0.01135205472 0)
(0.9980096396 0.01159040603 0)
(1.000368154 0.01166974527 0)
(0.9979660621 0.01129444939 0)
(0.9998506755 0.01041337132 0)
(0.9956461451 0.008850942213 0)
(0.9960839142 0.007056548047 0)
(0.9894749689 0.005437033441 0)
(0.9889353601 0.004471545353 0)
(0.9810000244 0.003978664245 0)
(0.9805976871 0.003851212351 0)
(0.9715599792 0.003744337792 0)
(0.9710578269 0.00372655547 0)
(0.9602217641 0.003583417935 0)
(0.9592977173 0.003522624237 0)
(0.9461896145 0.003317680173 0)
(0.9448489619 0.003237684382 0)
(0.9291377901 0.002994341987 0)
(0.9275673471 0.002921239005 0)
(0.9089430489 0.002653381454 0)
(0.9074735158 0.002607186979 0)
(0.8855959691 0.002327292609 0)
(0.8846622532 0.002322238683 0)
(0.859122783 0.002056890405 0)
(0.9904659661 0.005271878233 0)
(0.9927159113 0.006920750724 0)
(0.9928047908 0.007431645698 0)
(0.9948194608 0.007947585766 0)
(0.9940037334 0.008436245412 0)
(0.9961196218 0.008876466814 0)
(0.9951885934 0.009248007929 0)
(0.9974866168 0.009659346365 0)
(0.9963791565 0.01003052974 0)
(0.9989880953 0.01044999931 0)
(0.9978140086 0.0108037885 0)
(1.00086929 0.0111752056 0)
(0.9997203041 0.01137994336 0)
(1.003322036 0.01144780888 0)
(1.002143686 0.01107462174 0)
(1.005980053 0.01025243674 0)
(1.003980832 0.008787490807 0)
(1.006900677 0.007110100265 0)
(1.003024705 0.005554237543 0)
(1.004955418 0.004610924611 0)
(1.000104513 0.004105235316 0)
(1.002367558 0.003980440022 0)
(0.9972348841 0.003879955073 0)
(0.9998788253 0.003893450365 0)
(0.9940769429 0.003778846481 0)
(0.996745222 0.003760399646 0)
(0.9899376515 0.003587671589 0)
(0.9924225883 0.003548257792 0)
(0.984384595 0.003334593157 0)
(0.9865325801 0.003296975842 0)
(0.9770759278 0.00305615638 0)
(0.9787358924 0.003039060441 0)
(0.9676950816 0.002786086383 0)
(0.9686794192 0.002801411309 0)
(0.9559145625 0.002572382199 0)
(0.9912784558 0.005054128513 0)
(0.9930485715 0.006636101878 0)
(0.9930755859 0.007213437844 0)
(0.9948995399 0.007719670345 0)
(0.9942557689 0.008209573947 0)
(0.996128439 0.008662684536 0)
(0.9954329815 0.009041110032 0)
(0.9974409476 0.009456154196 0)
(0.9966523579 0.009827991097 0)
(0.9988927044 0.01024191675 0)
(0.9981435138 0.01058768348 0)
(1.000737311 0.01094165475 0)
(1.00016135 0.01113283484 0)
(1.003208287 0.0111844792 0)
(1.002827072 0.01082695437 0)
(1.006072767 0.01005088657 0)
(1.005246573 0.008691089423 0)
(1.007652264 0.007121142061 0)
(1.00539197 0.005648562556 0)
(1.006783367 0.004730734616 0)
(1.003881613 0.00422659652 0)
(1.005509691 0.004086844585 0)
(1.002776802 0.003982027601 0)
(1.004798091 0.003985729788 0)
(1.00203948 0.00387723589 0)
(1.004167238 0.003854063382 0)
(1.001197385 0.003694723075 0)
(1.0032505 0.003652931339 0)
(0.9999802449 0.00345925289 0)
(1.001810924 0.003420695933 0)
(0.9981759491 0.003206638265 0)
(0.9996208805 0.003188728991 0)
(0.9955567453 0.002969832207 0)
(0.9964119387 0.002982669723 0)
(0.9918372463 0.002797054883 0)
(0.9921128679 0.004903390352 0)
(0.993252308 0.006332884066 0)
(0.9934970198 0.006981290288 0)
(0.994851918 0.007506662261 0)
(0.9946644111 0.008018734534 0)
(0.9960097314 0.008492434531 0)
(0.995837878 0.008888826644 0)
(0.997264787 0.009303756846 0)
(0.9970807245 0.0096782288 0)
(0.9986604434 0.01007622501 0)
(0.9985926967 0.01041194697 0)
(1.000429806 0.01073539449 0)
(1.000604888 0.01090951502 0)
(1.002779401 0.01093188739 0)
(1.003212135 0.0105849711 0)
(1.005486126 0.009840273595 0)
(1.00560565 0.008576663671 0)
(1.007054621 0.00710198798 0)
(1.005976868 0.005709551005 0)
(1.006404478 0.004806730023 0)
(1.004826947 0.004294679391 0)
(1.005367214 0.004123500038 0)
(1.00408921 0.004003208061 0)
(1.004946138 0.003985228412 0)
(1.0038437 0.003877304555 0)
(1.004795312 0.003843942484 0)
(1.003730288 0.003695215389 0)
(1.004653207 0.003647878338 0)
(1.003575771 0.003469971457 0)
(1.00439317 0.003427002335 0)
(1.003278114 0.00323239451 0)
(1.003916721 0.003209449677 0)
(1.002736507 0.003014381717 0)
(1.003106909 0.003019855929 0)
(1.001810702 0.002865743231 0)
(0.9928378885 0.004800774026 0)
(0.9934777831 0.006064295215 0)
(0.9939075289 0.00676687067 0)
(0.994842249 0.007307890465 0)
(0.9950326569 0.007825408797 0)
(0.9959349206 0.00830431298 0)
(0.9961804254 0.008708133643 0)
(0.9971436764 0.00911571856 0)
(0.9974235371 0.009487152154 0)
(0.9985023808 0.009867737953 0)
(0.9989284706 0.01019161428 0)
(1.000219424 0.01048791925 0)
(1.000897816 0.01064607477 0)
(1.002468693 0.01064691006 0)
(1.003392606 0.01031290259 0)
(1.005021778 0.009607267013 0)
(1.005668519 0.008439312006 0)
(1.006535724 0.007066353291 0)
(1.00611544 0.005756310521 0)
(1.006014751 0.004876736431 0)
(1.005128524 0.004359773138 0)
(1.005074842 0.004164901565 0)
(1.004476598 0.004030726077 0)
(1.004700695 0.003997773972 0)
(1.004298335 0.003888563203 0)
(1.004621858 0.003848967307 0)
(1.004286872 0.003704642135 0)
(1.004616634 0.003653126966 0)
(1.00430055 0.003481380063 0)
(1.00459354 0.003434067892 0)
(1.00427555 0.0032471037 0)
(1.004501839 0.003218912071 0)
(1.004165463 0.003034207483 0)
(1.004290881 0.003032335553 0)
(1.003906145 0.002895266128 0)
(0.9934328987 0.004737023403 0)
(0.9937907725 0.005835052616 0)
(0.9942611563 0.006555992991 0)
(0.9949435413 0.007106241702 0)
(0.9953179418 0.007621215706 0)
(0.9959788652 0.008103925607 0)
(0.9964236383 0.008515431588 0)
(0.9971487914 0.008920975247 0)
(0.9976483904 0.009290192665 0)
(0.9984793297 0.009658895795 0)
(0.9991268082 0.009970539321 0)
(1.000152235 0.01024524874 0)
(1.001033985 0.01038630574 0)
(1.002309551 0.010371846 0)
(1.003401159 0.01004863538 0)
(1.004719381 0.009385609227 0)
(1.005545695 0.008306642917 0)
(1.006181705 0.007035479808 0)
(1.006040621 0.005804244264 0)
(1.005785714 0.004951762133 0)
(1.005184661 0.004428549357 0)
(1.004938054 0.004211875688 0)
(1.004578895 0.004059540327 0)
(1.004586703 0.004011143018 0)
(1.004406071 0.003894971379 0)
(1.004520345 0.003848674882 0)
(1.004398645 0.003703889101 0)
(1.004538241 0.003648859108 0)
(1.004425943 0.003479783198 0)
(1.004556568 0.003429599747 0)
(1.00443246 0.00324779417 0)
(1.0045341 0.003215857147 0)
(1.004385277 0.003039389471 0)
(1.004436961 0.003031459534 0)
(1.004242952 0.00290848171 0)
(0.9939351891 0.004693726187 0)
(0.9941638577 0.005639125264 0)
(0.9945828931 0.006349460767 0)
(0.9951327909 0.006906030507 0)
(0.9955575691 0.007415411118 0)
(0.9961125793 0.007899220745 0)
(0.9966128638 0.008314680959 0)
(0.9972425759 0.008717595602 0)
(0.9978089147 0.009080563709 0)
(0.9985436756 0.009437011838 0)
(0.9992519181 0.009733030468 0)
(1.000170052 0.009987439377 0)
(1.00109022 0.01010985996 0)
(1.002233469 0.0100836704 0)
(1.003329008 0.009770751956 0)
(1.004501847 0.009152317485 0)
(1.005345271 0.008158218022 0)
(1.005910381 0.006988578547 0)
(1.005881803 0.005836029986 0)
(1.005633211 0.005015685887 0)
(1.005152424 0.004488808895 0)
(1.00487837 0.004253820981 0)
(1.004592989 0.004083672593 0)
(1.004547806 0.004021776768 0)
(1.004423444 0.003898523722 0)
(1.004484418 0.003847559983 0)
(1.004413411 0.003702477989 0)
(1.004505907 0.003645934154 0)
(1.004440037 0.003479560813 0)
(1.00453112 0.003427989448 0)
(1.004449267 0.003250981881 0)
(1.004520291 0.003216133241 0)
(1.004410231 0.003047132162 0)
(1.004442758 0.003033757599 0)
(1.004285163 0.002922826549 0)
(0.9943837446 0.00465870186 0)
(0.9945562462 0.00547353184 0)
(0.9949005172 0.006152873168 0)
(0.9953696007 0.006709089811 0)
(0.9957872773 0.007208999265 0)
(0.9962915251 0.007688548503 0)
(0.9967885125 0.008103619998 0)
(0.9973775847 0.008502590605 0)
(0.9979500052 0.008857685732 0)
(0.9986449033 0.009202463525 0)
(0.9993529077 0.009483093287 0)
(1.000219891 0.009719683824 0)
(1.001119313 0.009825530495 0)
(1.002186197 0.009791557268 0)
(1.003231917 0.009491145173 0)
(1.004314854 0.008918577539 0)
(1.005125278 0.008006825148 0)
(1.005667475 0.006936853102 0)
(1.005699121 0.005863229819 0)
(1.005501353 0.005078333595 0)
(1.005094315 0.004550730276 0)
(1.004839471 0.004299420385 0)
(1.004585296 0.004112015462 0)
(1.004530875 0.004036537411 0)
(1.004422313 0.003905646994 0)
(1.004469058 0.003849286211 0)
(1.004411496 0.003703242451 0)
(1.004490767 0.003644313461 0)
(1.004437969 0.00348014646 0)
(1.004517678 0.003426343611 0)
(1.004448472 0.003253929114 0)
(1.004510042 0.003215487397 0)
(1.004412316 0.003053992951 0)
(1.004438142 0.003034959105 0)
(1.004293896 0.002935430909 0)
(0.9948011749 0.004624916669 0)
(0.9949460689 0.005332555889 0)
(0.9952243859 0.005967586163 0)
(0.9956309421 0.006514482342 0)
(0.9960231246 0.007001608946 0)
(0.9964924513 0.00747239954 0)
(0.9969686896 0.007883630171 0)
(0.9975306016 0.008277343741 0)
(0.9980906145 0.008623573042 0)
(0.9987590226 0.008956556318 0)
(0.9994487798 0.009221988154 0)
(1.000277544 0.009441984505 0)
(1.001140063 0.009532909355 0)
(1.002144375 0.009493535356 0)
(1.003128362 0.009207180063 0)
(1.004136556 0.008680164194 0)
(1.004903652 0.00784755018 0)
(1.005432519 0.006873800782 0)
(1.005509658 0.005878569401 0)
(1.005369623 0.005131722136 0)
(1.005026052 0.004606695675 0)
(1.004801004 0.004341336129 0)
(1.004570962 0.004137885466 0)
(1.00451702 0.004049107981 0)
(1.004417461 0.003910654753 0)
(1.004457744 0.003848720129 0)
(1.004407371 0.003701873645 0)
(1.004479548 0.003640557376 0)
(1.004434761 0.003479053536 0)
(1.00450749 0.003423161966 0)
(1.004447348 0.003255949406 0)
(1.004502363 0.003214129127 0)
(1.004414422 0.00306061785 0)
(1.004435215 0.003036470923 0)
(1.004300877 0.002947734485 0)
(0.9951980964 0.00458932721 0)
(0.9953263559 0.005209999018 0)
(0.9955546342 0.005794249897 0)
(0.9959077725 0.006323155213 0)
(0.9962696025 0.006794542792 0)
(0.9967074135 0.007252695678 0)
(0.9971585514 0.007656429811 0)
(0.9976942681 0.008042768812 0)
(0.9982359924 0.00837884021 0)
(0.9988786251 0.008699406992 0)
(0.9995445537 0.008949939295 0)
(1.00033595 0.009154531496 0)
(1.001157415 0.009232681031 0)
(1.002101815 0.00919042433 0)
(1.003023276 0.008920157162 0)
(1.003961715 0.008438480326 0)
(1.004685058 0.007682206073 0)
(1.005200974 0.006801084418 0)
(1.005317444 0.005883790223 0)
(1.005233 0.005177630966 0)
(1.004950148 0.004659121265 0)
(1.004757367 0.004382367914 0)
(1.00455168 0.004164640049 0)
(1.00450097 0.004062947226 0)
(1.004410206 0.003917256112 0)
(1.004445804 0.00384939385 0)
(1.00440196 0.003701899362 0)
(1.004468345 0.003637802968 0)
(1.004430632 0.003479195048 0)
(1.00449785 0.003420825888 0)
(1.004445506 0.003259058986 0)
(1.004495549 0.003213536261 0)
(1.004416059 0.003068075326 0)
(1.004433353 0.003038942771 0)
(1.004309448 0.002960013304 0)
(0.9955793726 0.004550001168 0)
(0.9956960771 0.00509962136 0)
(0.995888305 0.00563193753 0)
(0.9961958565 0.006135636232 0)
(0.9965266335 0.00658808903 0)
(0.9969336272 0.007030178081 0)
(0.9973585374 0.007422751571 0)
(0.9978666681 0.007799358483 0)
(0.9983870664 0.008124036422 0)
(0.9990020977 0.008431686735 0)
(0.9996412792 0.008667832377 0)
(1.000393893 0.008858368175 0)
(1.001172657 0.008925979456 0)
(1.002057925 0.008883223492 0)
(1.002918233 0.008630783827 0)
(1.003790185 0.008193819215 0)
(1.004471103 0.007510647934 0)
(1.004972971 0.006717895966 0)
(1.005123856 0.005877247785 0)
(1.005091014 0.005213806361 0)
(1.004866736 0.004705525212 0)
(1.004707184 0.004420070752 0)
(1.004526971 0.004189899107 0)
(1.004481284 0.004075762695 0)
(1.004400037 0.003923162605 0)
(1.004431987 0.003849038771 0)
(1.004394777 0.00370102137 0)
(1.004455909 0.003633801674 0)
(1.00442538 0.00347834931 0)
(1.004487136 0.003417272211 0)
(1.00444306 0.003261295184 0)
(1.004488034 0.003212026023 0)
(1.004417582 0.003074812435 0)
(1.004431531 0.003041124003 0)
(1.004317662 0.002971194664 0)
(0.9959475678 0.004506445418 0)
(0.9960557174 0.004996796744 0)
(0.9962222947 0.005479220341 0)
(0.9964918205 0.005952505322 0)
(0.9967926453 0.006382814404 0)
(0.9971692934 0.006805931759 0)
(0.9975677153 0.007184060086 0)
(0.9980468943 0.007548510167 0)
(0.9985436166 0.007860571448 0)
(0.9991289461 0.008154760665 0)
(0.9997390555 0.008377023372 0)
(1.000451292 0.008554749214 0)
(1.001186358 0.008613967213 0)
(1.002013177 0.008572832738 0)
(1.002814258 0.008339698835 0)
(1.003622767 0.007946516184 0)
(1.004262951 0.007333084125 0)
(1.004749538 0.006624124026 0)
(1.004930114 0.005858409218 0)
(1.004944228 0.005239378435 0)
(1.004776021 0.004745191999 0)
(1.004650049 0.004454069908 0)
(1.004496426 0.00421375961 0)
(1.004457388 0.004087996121 0)
(1.004386535 0.003929128695 0)
(1.004415852 0.003848580215 0)
(1.004385467 0.003700311228 0)
(1.004442017 0.003629707965 0)
(1.004418396 0.003477713605 0)
(1.004475548 0.003413755769 0)
(1.004439076 0.003263841204 0)
(1.004480036 0.003210851018 0)
(1.004417866 0.003081863398 0)
(1.004429589 0.003044107905 0)
(1.004326118 0.002982162408 0)
(0.996304146 0.004458140835 0)
(0.9964058411 0.004897743038 0)
(0.9965540396 0.00533377848 0)
(0.9967924181 0.00577361847 0)
(0.9970654705 0.006178939597 0)
(0.9974125526 0.006580649609 0)
(0.9977845991 0.006941510347 0)
(0.9982338945 0.007291412233 0)
(0.9987049853 0.007589607708 0)
(0.9992587118 0.007869780423 0)
(0.9998377309 0.008078660909 0)
(1.000508259 0.008244785217 0)
(1.001198961 0.008297675402 0)
(1.001968292 0.00826008189 0)
(1.002712251 0.008047473704 0)
(1.003460413 0.007696891259 0)
(1.004061587 0.007149698703 0)
(1.004531785 0.00651968771 0)
(1.004737349 0.005826669808 0)
(1.004793464 0.005253237658 0)
(1.004678231 0.004776853245 0)
(1.004585757 0.004483208407 0)
(1.004459576 0.004235263034 0)
(1.004428771 0.004098857777 0)
(1.004369204 0.003934469621 0)
(1.004396964 0.003847368361 0)
(1.004373678 0.003699107555 0)
(1.004426243 0.003624835442 0)
(1.004409628 0.003476548257 0)
(1.004462434 0.003409522375 0)
(1.004433782 0.003265880324 0)
(1.004470912 0.003209221051 0)
(1.004417315 0.003088377917 0)
(1.004427129 0.003047061538 0)
(1.004334028 0.002992132387 0)
(0.9966499748 0.004404714203 0)
(0.9967467444 0.004799856901 0)
(0.9968815579 0.005193403611 0)
(0.9970945823 0.005598642088 0)
(0.9973426377 0.005976819947 0)
(0.9976613163 0.006355107526 0)
(0.9980073837 0.006696422623 0)
(0.9984263279 0.007029575036 0)
(0.9988702736 0.007312732391 0)
(0.9993908221 0.007578363945 0)
(0.9999370882 0.007774382205 0)
(1.000564904 0.007930024429 0)
(1.001210939 0.007978501159 0)
(1.001923979 0.007946065156 0)
(1.002613091 0.007754871615 0)
(1.003303977 0.007445396657 0)
(1.003867876 0.006960808802 0)
(1.004320686 0.006404688617 0)
(1.00454666 0.00578166781 0)
(1.004639572 0.005254478936 0)
(1.004573731 0.004799393662 0)
(1.004514144 0.004506467583 0)
(1.004416001 0.004253646275 0)
(1.004394875 0.00410785887 0)
(1.004347512 0.00393891958 0)
(1.004374823 0.003845320036 0)
(1.004358964 0.00369741746 0)
(1.004408275 0.003619311446 0)
(1.004398559 0.00347498684 0)
(1.004447755 0.003404832587 0)
(1.00442655 0.003267612483 0)
(1.004460663 0.003207494714 0)
(1.004415307 0.003094592929 0)
(1.004423957 0.003050337634 0)
(1.004341452 0.00300145926 0)
(0.9969854633 0.004345631459 0)
(0.9970783923 0.004701182335 0)
(0.9972032264 0.005055968362 0)
(0.9973955035 0.005426808593 0)
(0.9976215002 0.005776539445 0)
(0.9979132804 0.006129850793 0)
(0.9982340296 0.006449908758 0)
(0.9986225809 0.006764443108 0)
(0.9990383618 0.007031532452 0)
(0.9995245593 0.007282148322 0)
(1.00003682 0.007465819125 0)
(1.000621307 0.007611968074 0)
(1.001222729 0.007657733454 0)
(1.001880931 0.007631731391 0)
(1.002517585 0.007462495877 0)
(1.003154227 0.007192354351 0)
(1.003682556 0.006766650274 0)
(1.004117082 0.006279257425 0)
(1.004359082 0.005723152359 0)
(1.004483465 0.005242306463 0)
(1.004462985 0.004811707633 0)
(1.004435155 0.004522757514 0)
(1.004365306 0.004268009788 0)
(1.00435513 0.004114339989 0)
(1.004320868 0.003942011636 0)
(1.004348842 0.003842117883 0)
(1.004340826 0.003694978954 0)
(1.004387566 0.003612938684 0)
(1.004384878 0.003472799217 0)
(1.004430901 0.003399505166 0)
(1.004417238 0.0032687736 0)
(1.004448706 0.003205462308 0)
(1.00441176 0.003100200238 0)
(1.004419603 0.003053615473 0)
(1.004347956 0.003009862242 0)
(0.9973106544 0.004280414042 0)
(0.9974004338 0.004600332853 0)
(0.9975176148 0.004919745402 0)
(0.997692656 0.005257255253 0)
(0.9978993852 0.005578116611 0)
(0.9981659988 0.005905422401 0)
(0.9984623362 0.006203079567 0)
(0.9988208297 0.006497547095 0)
(0.9992079352 0.006747754952 0)
(0.999659067 0.006982958889 0)
(1.00013654 0.007154787994 0)
(1.000677496 0.007292286288 0)
(1.001234751 0.007336786742 0)
(1.001839791 0.007318133227 0)
(1.002426475 0.00717102875 0)
(1.003011823 0.006938179616 0)
(1.003506231 0.006567557676 0)
(1.003921681 0.006143683658 0)
(1.00417556 0.005651079782 0)
(1.004326081 0.005216116287 0)
(1.00434658 0.004812762082 0)
(1.004348833 0.004530963128 0)
(1.004307171 0.004277344169 0)
(1.004308966 0.004117524175 0)
(1.004288651 0.003943144631 0)
(1.004318366 0.00383736179 0)
(1.004318671 0.003691452767 0)
(1.00436357 0.003605512606 0)
(1.004368015 0.003469754265 0)
(1.004411468 0.003393435856 0)
(1.004405275 0.003269182179 0)
(1.004434672 0.003203076569 0)
(1.004406176 0.003105066128 0)
(1.004413622 0.003056821321 0)
(1.004353093 0.003017359563 0)
(0.9976252509 0.004208643699 0)
(0.9977122492 0.004496272655 0)
(0.9978233465 0.004783363397 0)
(0.9979837601 0.005089099316 0)
(0.9981736774 0.005381440093 0)
(0.9984169427 0.005682276302 0)
(0.998689984 0.005956939087 0)
(0.9990190786 0.006230362237 0)
(0.9993774937 0.006463161635 0)
(0.9997933329 0.00668267828 0)
(1.000235737 0.006843174632 0)
(1.000733399 0.006972716916 0)
(1.00124732 0.007017127777 0)
(1.001801092 0.007006368866 0)
(1.002340362 0.006881206603 0)
(1.002877258 0.006683372117 0)
(1.00333934 0.00636398521 0)
(1.003734994 0.005998448894 0)
(1.003996917 0.005565686595 0)
(1.004168322 0.005175621447 0)
(1.004225175 0.004801773868 0)
(1.004255324 0.004530136376 0)
(1.00424134 0.004280742094 0)
(1.004255824 0.004116711948 0)
(1.004250214 0.003941787036 0)
(1.004282676 0.003830730154 0)
(1.004291849 0.003686580011 0)
(1.004335599 0.003596906391 0)
(1.004347425 0.003465685745 0)
(1.004388785 0.003386553546 0)
(1.004390219 0.003268673162 0)
(1.004417929 0.003200235418 0)
(1.004398118 0.003109001051 0)
(1.004405423 0.003059726896 0)
(1.004356443 0.003023788956 0)
(0.9979286724 0.004130024216 0)
(0.9980129996 0.004388252303 0)
(0.9981190556 0.004645793104 0)
(0.9982667382 0.004921553029 0)
(0.9984419092 0.005186311448 0)
(0.9986636007 0.005460761819 0)
(0.9989146287 0.005712343104 0)
(0.9992152543 0.005964213484 0)
(0.9995454272 0.006179383631 0)
(0.9999262317 0.006383079954 0)
(1.00033381 0.006532734302 0)
(1.000788851 0.006654858434 0)
(1.001260663 0.00670004374 0)
(1.001765244 0.006697354344 0)
(1.002259716 0.006593565431 0)
(1.002750878 0.006428257166 0)
(1.00318216 0.0061562111 0)
(1.003557385 0.005843906764 0)
(1.003823841 0.005467133228 0)
(1.004011059 0.005120503957 0)
(1.004099515 0.004777851258 0)
(1.00415489 0.004519137691 0)
(1.004167668 0.004277004426 0)
(1.004195195 0.004110891723 0)
(1.004204916 0.003937066435 0)
(1.004241012 0.003821604153 0)
(1.004259641 0.003679818996 0)
(1.004302902 0.003586776737 0)
(1.00432243 0.003460243702 0)
(1.004362165 0.00337867521 0)
(1.004371434 0.003267019254 0)
(1.004397815 0.00319684468 0)
(1.004387021 0.003111896366 0)
(1.004394331 0.003062252864 0)
(1.004357277 0.003029224981 0)
(0.9982200832 0.004044449688 0)
(0.9983016604 0.004275841241 0)
(0.9984033295 0.004506405785 0)
(0.9985396446 0.004754120305 0)
(0.9987017464 0.004992678051 0)
(0.9989035161 0.005241347364 0)
(0.9991339108 0.005470255192 0)
(0.9994072218 0.005700544294 0)
(0.9997100007 0.005898214493 0)
(1.000056492 0.006086157287 0)
(1.000429986 0.006225482912 0)
(1.000843512 0.006340612754 0)
(1.0012748 0.006387162944 0)
(1.001732449 0.006392395602 0)
(1.002184775 0.006309081406 0)
(1.002632796 0.006173656357 0)
(1.003034751 0.005945048565 0)
(1.003388992 0.005680994718 0)
(1.003656832 0.005356229322 0)
(1.003855058 0.005051147836 0)
(1.003970354 0.004740753229 0)
(1.004047895 0.004497366818 0)
(1.004086098 0.004265345553 0)
(1.004126643 0.004099363264 0)
(1.004152138 0.003928336153 0)
(1.004192605 0.003809520786 0)
(1.004221291 0.00367071732 0)
(1.004264681 0.003574793244 0)
(1.00429231 0.003453016932 0)
(1.004330844 0.00336944971 0)
(1.00434826 0.003263750042 0)
(1.0043736 0.003192426406 0)
(1.004372215 0.003113195604 0)
(1.004379634 0.003063731044 0)
(1.004355003 0.003033063928 0)
(0.9984985282 0.003951803587 0)
(0.9985771392 0.004158640293 0)
(0.9986748189 0.00436459203 0)
(0.9988007286 0.004586211832 0)
(0.9989511239 0.004800189211 0)
(0.9991344505 0.005024070557 0)
(0.999345649 0.005231087065 0)
(0.9995929587 0.005440161008 0)
(0.99986954 0.005620737296 0)
(1.000182834 0.005793170196 0)
(1.000523461 0.005922660835 0)
(1.000896956 0.006031103674 0)
(1.00128965 0.006079317893 0)
(1.001702754 0.006092035222 0)
(1.002115622 0.006027983372 0)
(1.002522957 0.005919701902 0)
(1.002897013 0.00573064793 0)
(1.00322979 0.005510059667 0)
(1.003496238 0.00523327858 0)
(1.003700979 0.004967570068 0)
(1.00383846 0.00468991931 0)
(1.003934769 0.004463935032 0)
(1.003996691 0.004244681489 0)
(1.004049783 0.004081197464 0)
(1.004091289 0.003914788515 0)
(1.004136643 0.003794006001 0)
(1.004175987 0.003658950243 0)
(1.004220018 0.00356094103 0)
(1.004256247 0.003444078621 0)
(1.004293909 0.003359195898 0)
(1.004319917 0.003259239526 0)
(1.004344391 0.003187510007 0)
(1.004352957 0.00311351317 0)
(1.004360455 0.003064807616 0)
(1.004348736 0.003036125602 0)
(0.9987627877 0.003852573793 0)
(0.998838143 0.004036998014 0)
(0.9989320401 0.00422060529 0)
(0.999048232 0.004418144552 0)
(0.9991880192 0.004609373466 0)
(0.9993542267 0.004809823008 0)
(0.9995476654 0.004996100612 0)
(0.9997704209 0.005184722551 0)
(1.000022268 0.005348906263 0)
(1.000303842 0.005506287652 0)
(1.000613217 0.00562645663 0)
(1.000948533 0.005728442549 0)
(1.001304847 0.005778364796 0)
(1.001675945 0.005797869642 0)
(1.002052051 0.005751568351 0)
(1.002421074 0.005667579124 0)
(1.002768627 0.005514158504 0)
(1.003079589 0.005332363424 0)
(1.003342235 0.005099415134 0)
(1.003549408 0.0048705281 0)
(1.003704613 0.004625365036 0)
(1.003816122 0.004418259179 0)
(1.003899694 0.00421391902 0)
(1.003964481 0.004055115681 0)
(1.004021959 0.003894955469 0)
(1.004072512 0.003773603502 0)
(1.004123033 0.003642940646 0)
(1.004168153 0.003543654089 0)
(1.004213487 0.003431723175 0)
(1.004250588 0.003346175784 0)
(1.004285654 0.003251635404 0)
(1.004309425 0.003180156048 0)
(1.004328456 0.003110890631 0)
(1.004336022 0.003063386166 0)
(1.004337693 0.00303641485 0)
(0.9990119241 0.003746295959 0)
(0.9990836696 0.003910239965 0)
(0.9991738789 0.004073559051 0)
(0.9992808253 0.004248975643 0)
(0.9994109095 0.004419306485 0)
(0.9995611471 0.004597883409 0)
(0.9997382329 0.004764782466 0)
(0.9999379217 0.004934019195 0)
(1.00016669 0.005082724352 0)
(1.00041825 0.005225736484 0)
(1.000698305 0.005337144887 0)
(1.000997538 0.005432943474 0)
(1.001319911 0.005484496628 0)
(1.00165159 0.005510052934 0)
(1.001993634 0.005479916018 0)
(1.002326584 0.005417545746 0)
(1.00264901 0.005296076863 0)
(1.002937886 0.005148854055 0)
(1.003194694 0.004955822876 0)
(1.003400595 0.004761289336 0)
(1.003569358 0.004548044215 0)
(1.003692367 0.004361107014 0)
(1.003795263 0.004173664167 0)
(1.003870458 0.004021923527 0)
(1.003943617 0.003869815838 0)
(1.003999389 0.00374970273 0)
(1.004061548 0.003624319872 0)
(1.004108058 0.003524929082 0)
(1.004163076 0.003418103289 0)
(1.004199826 0.003332757151 0)
(1.00424454 0.003243375455 0)
(1.004267675 0.003172845098 0)
(1.00429781 0.003107848853 0)
(1.004305342 0.003061898983 0)
(1.004320924 0.003036380647 0)
(0.9992444103 0.003634924047 0)
(0.9993122389 0.003780264115 0)
(0.9993988255 0.003925278205 0)
(0.9994969168 0.004080518097 0)
(0.9996181052 0.00423182179 0)
(0.9997534516 0.004390194009 0)
(0.9999155908 0.004539180025 0)
(1.000093783 0.004690230538 0)
(1.000301299 0.004824415122 0)
(1.00052479 0.004953738876 0)
(1.000777735 0.0050567786 0)
(1.00104324 0.005146418142 0)
(1.001334315 0.005199120602 0)
(1.001629278 0.005229591441 0)
(1.001939978 0.00521357234 0)
(1.00223907 0.005169835525 0)
(1.002537772 0.005076342117 0)
(1.002804468 0.004959297075 0)
(1.003053783 0.004801883544 0)
(1.003255179 0.004638673468 0)
(1.003433685 0.004455825851 0)
(1.003564536 0.004289430711 0)
(1.003684209 0.004119986207 0)
(1.003768175 0.003977153515 0)
(1.003856396 0.003834472963 0)
(1.003917114 0.003717262849 0)
(1.00399118 0.003597935249 0)
(1.004039229 0.003499669705 0)
(1.004104424 0.003398188306 0)
(1.004140962 0.003314035718 0)
(1.004195863 0.003229748236 0)
(1.004218397 0.003160987589 0)
(1.004260197 0.00310009371 0)
(1.004267608 0.003056164462 0)
(1.004297553 0.003032160208 0)
(0.9994597004 0.003516355454 0)
(0.9995232318 0.003644928427 0)
(0.999606145 0.003773535573 0)
(0.9996956231 0.003910638617 0)
(0.9998085356 0.004044874843 0)
(0.9999299012 0.004185017923 0)
(1.000078354 0.004317849578 0)
(1.000236546 0.004452403097 0)
(1.000424605 0.004573444768 0)
(1.000622012 0.004690332673 0)
(1.000850113 0.004785837832 0)
(1.001084313 0.004869919933 0)
(1.00134675 0.004923732955 0)
(1.00160767 0.00495860879 0)
(1.001889649 0.004955229442 0)
(1.002157005 0.004927982636 0)
(1.002433353 0.004859303775 0)
(1.002677919 0.004769053577 0)
(1.002918415 0.00464371061 0)
(1.003112549 0.004509412484 0)
(1.003297387 0.004355561396 0)
(1.003432613 0.004210105773 0)
(1.003566437 0.004059577637 0)
(1.003657346 0.003927465189 0)
(1.003759775 0.003795436917 0)
(1.003825006 0.003682735519 0)
(1.003911121 0.00357002646 0)
(1.003960817 0.003473905514 0)
(1.004036657 0.003377678447 0)
(1.004073147 0.003295336042 0)
(1.004138766 0.00321569968 0)
(1.004160777 0.003149058222 0)
(1.004214764 0.003091753931 0)
(1.004222023 0.003049853259 0)
(1.004266664 0.003027100384 0)
(0.9996565038 0.003395057699 0)
(0.9997155619 0.003508278316 0)
(0.9997949565 0.003621929255 0)
(0.9998761806 0.003742392361 0)
(0.9999815821 0.003860974895 0)
(1.000089952 0.003984239696 0)
(1.000226122 0.004102050287 0)
(1.000365909 0.004221073838 0)
(1.000536505 0.004329597298 0)
(1.000709959 0.004434420722 0)
(1.000915708 0.004522287295 0)
(1.001121155 0.004600346863 0)
(1.001357781 0.004654138414 0)
(1.001587341 0.004691767608 0)
(1.00184327 0.004698488847 0)
(1.002080934 0.004684614664 0)
(1.002336366 0.004636792101 0)
(1.002558914 0.004569281179 0)
(1.002789587 0.004471872366 0)
(1.002973977 0.004363468331 0)
(1.003162084 0.004236574922 0)
(1.003298194 0.004111912708 0)
(1.003443414 0.00398093366 0)
(1.003538949 0.00386145045 0)
(1.003654374 0.003741746333 0)
(1.003723149 0.003635891503 0)
(1.00382121 0.003531283556 0)
(1.003872278 0.003439293691 0)
(1.00395916 0.003349244547 0)
(1.003995527 0.003270191675 0)
(1.004072434 0.003195659704 0)
(1.004093838 0.003132115447 0)
(1.004160606 0.003078607131 0)
(1.004167557 0.003039197328 0)
(1.004227425 0.003017924907 0)
(0.9998334567 0.003267556772 0)
(0.9998876983 0.003367688884 0)
(0.9999634096 0.003468594181 0)
(1.000036498 0.003575010719 0)
(1.00013479 0.003680370651 0)
(1.000230902 0.003789493611 0)
(1.000355839 0.003894709628 0)
(1.000478619 0.004000838059 0)
(1.000633456 0.004098990368 0)
(1.000784987 0.004193982019 0)
(1.000970673 0.004275737172 0)
(1.001149913 0.00434922102 0)
(1.001363411 0.004403452953 0)
(1.001564363 0.004444002183 0)
(1.001796841 0.004459705995 0)
(1.002007067 0.004457653273 0)
(1.002243158 0.00442776726 0)
(1.002444358 0.004379917594 0)
(1.002664749 0.004306484167 0)
(1.002837872 0.004220741565 0)
(1.003026912 0.004117555227 0)
(1.003161279 0.004011924969 0)
(1.00331546 0.003898880221 0)
(1.003413703 0.003791716797 0)
(1.003540793 0.00368367739 0)
(1.003612283 0.003584966034 0)
(1.003721868 0.003488091153 0)
(1.003774122 0.003400673922 0)
(1.003872061 0.003316496937 0)
(1.00390835 0.003241158403 0)
(1.003996706 0.003171467387 0)
(1.004017598 0.003111308997 0)
(1.004097307 0.003061394328 0)
(1.004104037 0.003024503933 0)
(1.004179069 0.003004637828 0)
(0.9999932315 0.00313607638 0)
(1.000042686 0.003223233236 0)
(1.000115113 0.003311510875 0)
(1.000180594 0.003403946231 0)
(1.000272618 0.003496106429 0)
(1.000357472 0.003591009867 0)
(1.000472536 0.003683450961 0)
(1.000579823 0.00377635038 0)
(1.000720765 0.003863641053 0)
(1.000852337 0.003948121932 0)
(1.001020221 0.004022890118 0)
(1.001175494 0.004090719059 0)
(1.00136827 0.004144088391 0)
(1.001542774 0.004186064532 0)
(1.001753859 0.004209046814 0)
(1.001938068 0.004217033339 0)
(1.002155733 0.004203256079 0)
(1.002335404 0.004173520856 0)
(1.002544529 0.004122904478 0)
(1.002704212 0.004059540309 0)
(1.002891562 0.003980592485 0)
(1.003021044 0.003895651478 0)
(1.003181545 0.003802698386 0)
(1.003280098 0.003710574056 0)
(1.00341746 0.003616567664 0)
(1.003490521 0.003527381232 0)
(1.003611382 0.003439797906 0)
(1.00366447 0.003358457867 0)
(1.003773807 0.003280805197 0)
(1.003809936 0.00320995805 0)
(1.00391026 0.003145217599 0)
(1.003930557 0.003088774574 0)
(1.004023704 0.003042393235 0)
(1.004030048 0.003008060062 0)
(1.00412072 0.002989593731 0)
(1.000304508 0.002839271276 0)
(1.000341889 0.00290528344 0)
(1.000405973 0.002972703048 0)
(1.000453746 0.003042551239 0)
(1.000531903 0.003112981422 0)
(1.00059216 0.003184918151 0)
(1.00068671 0.003256131463 0)
(1.000761429 0.003327388385 0)
(1.000874481 0.003396028402 0)
(1.000965096 0.00346263471 0)
(1.001097941 0.003524125452 0)
(1.001204699 0.003580939396 0)
(1.001357102 0.003629688995 0)
(1.001478278 0.003670831639 0)
(1.001647684 0.003700960232 0)
(1.00177886 0.003720885588 0)
(1.001959873 0.0037276629 0)
(1.002093761 0.00372292378 0)
(1.002278503 0.003704737508 0)
(1.002405997 0.003675897621 0)
(1.002585948 0.003635731746 0)
(1.00269865 0.003587956646 0)
(1.002867561 0.00353272746 0)
(1.00296052 0.00347377969 0)
(1.003116311 0.00341136152 0)
(1.003188573 0.003348441684 0)
(1.003332507 0.003285176067 0)
(1.003385331 0.003223623005 0)
(1.003519957 0.003164199367 0)
(1.003555022 0.003108305831 0)
(1.003682984 0.003057142161 0)
(1.003701938 0.003011870354 0)
(1.003826403 0.002974815087 0)
(1.003832118 0.002947337015 0)
(1.00395885 0.002932744611 0)
(1.000507038 0.002426422625 0)
(1.000531182 0.002472359407 0)
(1.000587184 0.002519703451 0)
(1.000617371 0.002568479417 0)
(1.000683505 0.00261831146 0)
(1.000720942 0.002669127492 0)
(1.000798748 0.002720423316 0)
(1.000844598 0.002771995737 0)
(1.000935613 0.002823187345 0)
(1.000990843 0.002873638958 0)
(1.001096297 0.00292253383 0)
(1.001161369 0.002969353698 0)
(1.001281863 0.003013152561 0)
(1.001356354 0.003053293945 0)
(1.00149145 0.003088794002 0)
(1.001573639 0.003119004861 0)
(1.001721507 0.003143074518 0)
(1.001808123 0.003160518853 0)
(1.001965471 0.003170846905 0)
(1.002051874 0.003173930018 0)
(1.002214457 0.003169838906 0)
(1.002295469 0.003158887059 0)
(1.002459205 0.00314174557 0)
(1.002530359 0.003119047431 0)
(1.002692514 0.003091911592 0)
(1.00275091 0.003061042339 0)
(1.002910507 0.003027834374 0)
(1.002954776 0.002992896055 0)
(1.003112276 0.002957852652 0)
(1.003142147 0.002923212831 0)
(1.003299118 0.002890912707 0)
(1.00331531 0.002861489584 0)
(1.003474699 0.002837300898 0)
(1.003479598 0.002819053021 0)
(1.00364687 0.002809515424 0)
(1.00058484 0.002081323699 0)
(1.000598772 0.002116147504 0)
(1.000648382 0.002152207479 0)
(1.000665684 0.002189329379 0)
(1.000723058 0.002227526216 0)
(1.000744391 0.002266551104 0)
(1.000810636 0.002306370216 0)
(1.000836674 0.002346643301 0)
(1.000912953 0.002387275212 0)
(1.000944306 0.002427814179 0)
(1.001031707 0.002468096499 0)
(1.001068791 0.002507548533 0)
(1.00116819 0.002545944436 0)
(1.001211052 0.002582595969 0)
(1.001322922 0.002617247144 0)
(1.001371032 0.002649131646 0)
(1.001495244 0.002678031701 0)
(1.001547308 0.002703175728 0)
(1.001683002 0.002724489553 0)
(1.001736903 0.00274129537 0)
(1.001882535 0.002753781388 0)
(1.001935491 0.002761450333 0)
(1.002089135 0.002764834838 0)
(1.002138103 0.002763641142 0)
(1.002297942 0.002758752862 0)
(1.002340114 0.002750030594 0)
(1.002504906 0.002738665979 0)
(1.002538089 0.002724608101 0)
(1.002707488 0.002709323291 0)
(1.002730354 0.002692816905 0)
(1.002905169 0.002676831886 0)
(1.002917569 0.002661436206 0)
(1.003100245 0.002648661437 0)
(1.003103884 0.002638627337 0)
(1.003299445 0.00263359637 0)
(1.000572389 0.001776790887 0)
(1.000579381 0.001803983265 0)
(1.000623563 0.001832244324 0)
(1.000632401 0.001861374785 0)
(1.000682952 0.001891514248 0)
(1.000694029 0.001922412206 0)
(1.00075182 0.001954196287 0)
(1.000765545 0.001986552086 0)
(1.000831525 0.002019587975 0)
(1.000848298 0.002052913298 0)
(1.000923432 0.00208661182 0)
(1.00094358 0.002120206231 0)
(1.001028788 0.002153754872 0)
(1.001052482 0.002186689353 0)
(1.001148547 0.002219051274 0)
(1.001175687 0.002250187978 0)
(1.001283144 0.002280148033 0)
(1.001313243 0.002308217552 0)
(1.001432275 0.002334494533 0)
(1.001464364 0.002358244208 0)
(1.001594753 0.002379672586 0)
(1.001627368 0.0023980743 0)
(1.001768548 0.00241382578 0)
(1.001799839 0.002426295244 0)
(1.001951088 0.002436078538 0)
(1.001979049 0.00244264106 0)
(1.002139769 0.002446824978 0)
(1.002162537 0.002448194902 0)
(1.002332584 0.002447848679 0)
(1.002348763 0.002445437583 0)
(1.002528815 0.00244231151 0)
(1.00253787 0.002438179085 0)
(1.002729898 0.002434611604 0)
(1.002732695 0.0024312955 0)
(1.002940628 0.002429909509 0)
(1.000525079 0.001512447225 0)
(1.000527296 0.001534647776 0)
(1.000566679 0.001557786393 0)
(1.000569791 0.001581679901 0)
(1.000614554 0.001606499851 0)
(1.000618787 0.001632025 0)
(1.000669646 0.001658428959 0)
(1.000675244 0.00168544396 0)
(1.000732994 0.001713241662 0)
(1.00074021 0.001741498788 0)
(1.000805696 0.001770381554 0)
(1.000814761 0.001799502284 0)
(1.000888857 0.001829019648 0)
(1.000899943 0.001858474441 0)
(1.000983511 0.001888019353 0)
(1.000996671 0.001917120807 0)
(1.001090502 0.001945933662 0)
(1.001105605 0.001973854463 0)
(1.001210363 0.002001058008 0)
(1.001227024 0.002026885255 0)
(1.001343194 0.002051559871 0)
(1.001360729 0.002074391238 0)
(1.001488599 0.002095689938 0)
(1.001506028 0.002114763122 0)
(1.001645743 0.002132049038 0)
(1.00166186 0.002146879433 0)
(1.001813546 0.002159855431 0)
(1.001827079 0.002170349928 0)
(1.001991057 0.002179149804 0)
(1.002000906 0.002185668986 0)
(1.002177995 0.00219088353 0)
(1.002183569 0.002194221653 0)
(1.002375511 0.002196817808 0)
(1.002377214 0.002198038511 0)
(1.002587243 0.002199080047 0)
(1.000457877 0.001278232398 0)
(1.000457126 0.001296578378 0)
(1.000491883 0.001315738097 0)
(1.000491477 0.001335558784 0)
(1.000530853 0.001356205515 0)
(1.000530927 0.001377497495 0)
(1.000575528 0.001399606904 0)
(1.000576234 0.001422319156 0)
(1.000626741 0.001445811458 0)
(1.000628244 0.001469829044 0)
(1.000685404 0.001494551985 0)
(1.000687871 0.00151967845 0)
(1.000752485 0.001545389454 0)
(1.000756065 0.001571329378 0)
(1.000828977 0.001597679458 0)
(1.000833774 0.001624024813 0)
(1.000915841 0.001650548748 0)
(1.000921875 0.001676774422 0)
(1.001013938 0.001702893347 0)
(1.001021103 0.001728368496 0)
(1.001123954 0.001753411633 0)
(1.001131977 0.001777432973 0)
(1.001246331 0.001800683121 0)
(1.001254748 0.001822532303 0)
(1.001381251 0.001843293767 0)
(1.00138942 0.001862313256 0)
(1.001528697 0.001879991878 0)
(1.001535863 0.001895664 0)
(1.001688634 0.001909838868 0)
(1.001694066 0.001921842244 0)
(1.001861336 0.001932296925 0)
(1.001864546 0.00194049957 0)
(1.002047886 0.00194715992 0)
(1.002048936 0.001951478225 0)
(1.002250848 0.001954160908 0)
(1.00039003 0.001072040022 0)
(1.000387554 0.001087380132 0)
(1.000417942 0.001103425586 0)
(1.000415491 0.001120052975 0)
(1.000449855 0.001137408753 0)
(1.000447511 0.001155348481 0)
(1.000486368 0.001174026891 0)
(1.000484224 0.001193274405 0)
(1.000528162 0.001213252815 0)
(1.000526328 0.001233762689 0)
(1.000575999 0.001254971444 0)
(1.000574594 0.001276644464 0)
(1.000630716 0.001298953172 0)
(1.000629863 0.001321622036 0)
(1.000693216 0.001344825079 0)
(1.000693023 0.001368240169 0)
(1.000764442 0.001392043333 0)
(1.000764989 0.001415860908 0)
(1.000845345 0.001439872029 0)
(1.000846659 0.001463648266 0)
(1.000936846 0.001487375703 0)
(1.000938868 0.001510570554 0)
(1.001039789 0.001533433285 0)
(1.001042358 0.001555427316 0)
(1.00115491 0.001576778588 0)
(1.00115775 0.001596902772 0)
(1.001282848 0.001616064534 0)
(1.001285588 0.001633636673 0)
(1.00142421 0.001649934068 0)
(1.001426443 0.00166428578 0)
(1.001579735 0.001677059155 0)
(1.001581134 0.00168752305 0)
(1.001750569 0.001696077598 0)
(1.001751059 0.001701883245 0)
(1.001938656 0.001705311484 0)
(1.000325445 0.0008887070566 0)
(1.000322114 0.0009014664589 0)
(1.000348387 0.0009148256931 0)
(1.000344912 0.0009286902886 0)
(1.000374596 0.0009431810263 0)
(1.000371027 0.0009581879895 0)
(1.000404568 0.0009738393756 0)
(1.000400965 0.0009900068628 0)
(1.00043887 0.001006825288 0)
(1.000435309 0.001024144469 0)
(1.000478145 0.00104210483 0)
(1.000474716 0.001060530291 0)
(1.000523116 0.001079565502 0)
(1.000519919 0.001099003911 0)
(1.000574586 0.001118992835 0)
(1.000571725 0.001139290267 0)
(1.000633428 0.001160044666 0)
(1.000631005 0.001180973445 0)
(1.000700577 0.001202225076 0)
(1.000698675 0.001223471536 0)
(1.000777005 0.001244861086 0)
(1.000775676 0.00126601618 0)
(1.000863702 0.001287086055 0)
(1.000862946 0.001307640713 0)
(1.000961647 0.001327833204 0)
(1.000961399 0.001347179186 0)
(1.001071799 0.001365839466 0)
(1.001071925 0.001383273259 0)
(1.001195105 0.001399652091 0)
(1.001195419 0.001414373155 0)
(1.001332563 0.001427616004 0)
(1.001332867 0.001438700288 0)
(1.001485334 0.001447796612 0)
(1.001485491 0.001454110433 0)
(1.00165491 0.001457758314 0)
(1.000269477 0.000726561258 0)
(1.000265881 0.0007370824171 0)
(1.000288348 0.0007481053632 0)
(1.000284532 0.0007595605827 0)
(1.000309907 0.0007715433226 0)
(1.0003059 0.0007839728977 0)
(1.000334564 0.0007969504832 0)
(1.000330408 0.0008103820765 0)
(1.000362795 0.0008243741843 0)
(1.000358544 0.0008388169315 0)
(1.000395143 0.0008538212971 0)
(1.000390867 0.0008692584829 0)
(1.00043223 0.0008852427362 0)
(1.000428011 0.0009016227492 0)
(1.000474755 0.0009185144932 0)
(1.000470689 0.0009357400256 0)
(1.000523499 0.0009534151943 0)
(1.000519689 0.0009713308091 0)
(1.000579324 0.0009896005502 0)
(1.000575876 0.001007979006 0)
(1.000643163 0.001026575626 0)
(1.000640176 0.001045103623 0)
(1.000716009 0.001063666352 0)
(1.000713562 0.001081930482 0)
(1.000798897 0.001099991717 0)
(1.000797038 0.001117464972 0)
(1.000892892 0.001134436816 0)
(1.000891623 0.001150464534 0)
(1.00099907 0.001165623095 0)
(1.000998338 0.001179403873 0)
(1.001118521 0.001191864206 0)
(1.001118219 0.001202415218 0)
(1.00125236 0.001211082093 0)
(1.001252331 0.001217168919 0)
(1.001401752 0.001220637856 0)
(1.0002216 0.0005822663011 0)
(1.000218076 0.0005907687979 0)
(1.000237141 0.0005996801267 0)
(1.000233369 0.0006089510781 0)
(1.0002549 0.0006186538062 0)
(1.000250903 0.0006287312003 0)
(1.000275223 0.0006392597878 0)
(1.000271027 0.0006501730047 0)
(1.000298506 0.0006615512578 0)
(1.000294155 0.0006733166548 0)
(1.000325213 0.0006855527489 0)
(1.00032076 0.0006981680383 0)
(1.000355871 0.0007112481655 0)
(1.000351386 0.0007246852687 0)
(1.000391086 0.0007385656544 0)
(1.000386653 0.000752761823 0)
(1.000431541 0.0007673589097 0)
(1.000427258 0.0007822059298 0)
(1.000478005 0.0007973845839 0)
(1.000473982 0.0008127159699 0)
(1.000531328 0.0008282756703 0)
(1.000527679 0.0008438518551 0)
(1.000592437 0.0008595109121 0)
(1.000589276 0.0008750024992 0)
(1.000662328 0.0008903803295 0)
(1.000659752 0.0009053493115 0)
(1.000742044 0.0009199464355 0)
(1.000740123 0.0009338246317 0)
(1.000832658 0.000946998998 0)
(1.000831414 0.0009590613718 0)
(1.000935242 0.000969997364 0)
(1.000934627 0.000979324863 0)
(1.001050831 0.0009869874791 0)
(1.001050695 0.0009924093461 0)
(1.001180372 0.0009954707322 0)
(1.000182639 0.0004541587857 0)
(1.000179384 0.0004608460457 0)
(1.000195474 0.0004678561684 0)
(1.000191977 0.00047515589 0)
(1.000210149 0.0004827976332 0)
(1.000206424 0.000490742719 0)
(1.000226951 0.0004990465727 0)
(1.00022302 0.0005076639947 0)
(1.000246216 0.0005166529855 0)
(1.000242112 0.0005259604705 0)
(1.000268334 0.0005356463957 0)
(1.000264101 0.0005456481373 0)
(1.000293755 0.0005560266756 0)
(1.000289451 0.0005667077781 0)
(1.000322995 0.0005777522074 0)
(1.000318694 0.0005890716069 0)
(1.000356646 0.0006007248608 0)
(1.000352437 0.0006126064432 0)
(1.000395379 0.0006247712239 0)
(1.000391365 0.0006370928605 0)
(1.000439945 0.0006496195336 0)
(1.000436242 0.0006621997667 0)
(1.000491175 0.0006748717769 0)
(1.000487903 0.0006874538929 0)
(1.000549975 0.0006999704152 0)
(1.000547249 0.0007122035664 0)
(1.000617305 0.0007241589572 0)
(1.000615223 0.0007355757269 0)
(1.000694162 0.0007464348993 0)
(1.000692777 0.0007564240321 0)
(1.000781531 0.0007654919104 0)
(1.000780826 0.0007732636137 0)
(1.000880332 0.0007796451152 0)
(1.000880166 0.0007841842367 0)
(1.000991325 0.000786728854 0)
(1.000151408 0.0003393855952 0)
(1.000148483 0.000344414035 0)
(1.000162094 0.0003496856527 0)
(1.000158945 0.0003551788825 0)
(1.000174317 0.0003609302235 0)
(1.000170954 0.0003669145197 0)
(1.00018832 0.0003731702145 0)
(1.00018476 0.0003796677944 0)
(1.000204387 0.0003864472957 0)
(1.000200655 0.0003934738962 0)
(1.000222847 0.0004007887115 0)
(1.000218982 0.0004083504197 0)
(1.000244084 0.0004162004748 0)
(1.000240134 0.0004242895682 0)
(1.00026854 0.0004326584697 0)
(1.000264569 0.0004412480354 0)
(1.000296723 0.000450096979 0)
(1.000292811 0.0004591340372 0)
(1.000329215 0.0004683940702 0)
(1.000325455 0.0004777908953 0)
(1.000366669 0.0004873532169 0)
(1.000363169 0.0004969765284 0)
(1.000409819 0.0005066804851 0)
(1.000406694 0.0005163381564 0)
(1.000459464 0.0005259565671 0)
(1.000456831 0.0005353814596 0)
(1.000516466 0.000544602843 0)
(1.000514428 0.0005534332843 0)
(1.000581717 0.0005618404192 0)
(1.00058034 0.0005695966296 0)
(1.0006561 0.0005766405783 0)
(1.000655384 0.000582695952 0)
(1.000740423 0.0005876641876 0)
(1.000740246 0.000591209787 0)
(1.000835322 0.0005931865152 0)
(1.000127853 0.0002356661834 0)
(1.000125254 0.0002391754312 0)
(1.000136903 0.0002428543862 0)
(1.000134102 0.0002466900653 0)
(1.000147259 0.0002507060955 0)
(1.000144263 0.0002548872656 0)
(1.000159128 0.000259258356 0)
(1.00015595 0.0002638014268 0)
(1.000172753 0.0002685421442 0)
(1.000169416 0.0002734592131 0)
(1.000188417 0.0002785788 0)
(1.000184953 0.0002838754614 0)
(1.00020645 0.0002893753127 0)
(1.000202901 0.0002950477594 0)
(1.000227234 0.0003009181049 0)
(1.000223656 0.0003069493421 0)
(1.000251209 0.0003131649382 0)
(1.000247671 0.0003195198925 0)
(1.00027888 0.0003260344849 0)
(1.000275466 0.0003326537532 0)
(1.000310818 0.0003393930414 0)
(1.000307627 0.0003461849948 0)
(1.000347665 0.0003530377974 0)
(1.000344803 0.0003598687271 0)
(1.000390128 0.000366676025 0)
(1.000387705 0.0003733579932 0)
(1.000438968 0.000379899499 0)
(1.000437082 0.0003861755334 0)
(1.000494975 0.0003921534122 0)
(1.000493696 0.0003976796458 0)
(1.000558931 0.0004026989627 0)
(1.000558262 0.0004070232705 0)
(1.000631542 0.0004105686951 0)
(1.000631375 0.0004131053562 0)
(1.000713337 0.0004145136939 0)
(1.000111541 0.0001393456358 0)
(1.000109198 0.0001414264982 0)
(1.000119459 0.0001436079355 0)
(1.000116931 0.0001458831118 0)
(1.000128522 0.0001482652463 0)
(1.000125816 0.0001507462946 0)
(1.000138912 0.0001533400705 0)
(1.00013604 0.0001560370381 0)
(1.000150844 0.0001588514375 0)
(1.000147824 0.0001617718843 0)
(1.000164567 0.0001648128049 0)
(1.000161428 0.0001679605102 0)
(1.000180374 0.0001712292709 0)
(1.000177153 0.0001746025126 0)
(1.000198601 0.0001780938799 0)
(1.000195348 0.0001816831761 0)
(1.00021964 0.0001853827862 0)
(1.000216418 0.0001891679597 0)
(1.00024394 0.0001930489844 0)
(1.000240824 0.0001969953859 0)
(1.00027201 0.000201014266 0)
(1.00026909 0.0002050679679 0)
(1.000304425 0.0002091590165 0)
(1.000301798 0.0002132407714 0)
(1.000341817 0.0002173094329 0)
(1.000339586 0.0002213071781 0)
(1.000384871 0.0002252217237 0)
(1.000383129 0.0002289814133 0)
(1.000434297 0.000232562863 0)
(1.000433111 0.0002358774369 0)
(1.000490799 0.0002388875424 0)
(1.000490176 0.0002414839065 0)
(1.000555007 0.0002436111365 0)
(1.00055485 0.0002451351948 0)
(1.000627387 0.0002459789 0)
(1.000102859 4.632087878e-05 0)
(1.000100666 4.701386055e-05 0)
(1.000110175 4.773994333e-05 0)
(1.000107808 4.849777478e-05 0)
(1.00011855 4.929079686e-05 0)
(1.000116015 5.01173726e-05 0)
(1.000128152 5.098102246e-05 0)
(1.000125461 5.187974417e-05 0)
(1.000139181 5.281706729e-05 0)
(1.00013635 5.379052004e-05 0)
(1.000151869 5.480354619e-05 0)
(1.000148924 5.585306857e-05 0)
(1.000166485 5.694231431e-05 0)
(1.000163462 5.806742488e-05 0)
(1.000183345 5.923123489e-05 0)
(1.000180289 6.042887773e-05 0)
(1.000202812 6.166256258e-05 0)
(1.000199782 6.292612411e-05 0)
(1.000225303 6.422084153e-05 0)
(1.000222371 6.553888115e-05 0)
(1.000251294 6.688019953e-05 0)
(1.000248544 6.82348288e-05 0)
(1.000281321 6.96009039e-05 0)
(1.000278845 7.096574213e-05 0)
(1.000315975 7.232503216e-05 0)
(1.00031387 7.366266168e-05 0)
(1.000355895 7.497110425e-05 0)
(1.00035425 7.622995125e-05 0)
(1.000401748 7.742753281e-05 0)
(1.000400627 7.853811312e-05 0)
(1.000454191 7.954478355e-05 0)
(1.000453602 8.041528658e-05 0)
(1.000513811 8.112622344e-05 0)
(1.000513663 8.163748127e-05 0)
(1.000581037 8.191780797e-05 0)
(0.9391714282 -0.0008332476683 0)
(1.059507508 0.0005712926893 0)
(0.9468859925 -0.0005694242559 0)
(1.051444949 0.0003537636721 0)
(0.9539620688 -0.0003591686287 0)
(1.043867299 0.0001868705926 0)
(0.9602291984 -0.0001858761665 0)
(1.036761405 6.17740248e-05 0)
(0.9657260937 -3.775574479e-05 0)
(1.03016969 -2.966673289e-05 0)
(0.9704295735 9.598717124e-05 0)
(1.024110211 -9.343668272e-05 0)
(0.9743085445 0.0002275585069 0)
(1.018552958 -0.0001328408479 0)
(0.9773190814 0.0003742697503 0)
(1.013386887 -0.0001461164364 0)
(0.9793585014 0.0005679551247 0)
(1.008324307 -0.0001117713748 0)
(0.980047746 0.0008985593683 0)
(1.002506804 0.0001590716229 0)
(0.9663223908 -0.0009438109583 0)
(1.029048952 0.0006356462732 0)
(0.9758411632 -0.0006417048874 0)
(1.021254696 0.0004215753047 0)
(0.983077991 -0.0003964948549 0)
(1.014653008 0.0002441647471 0)
(0.9882412509 -0.0001802658222 0)
(1.009319729 0.0001016640163 0)
(0.9917120401 2.203957476e-05 0)
(1.005130087 -1.078588161e-05 0)
(0.9938115168 0.0002254764937 0)
(1.00184341 -9.706724614e-05 0)
(0.9948214913 0.0004515691889 0)
(0.999178536 -0.000159083455 0)
(0.9949475115 0.0007385594644 0)
(0.9968310586 -0.0001912538967 0)
(0.9942649154 0.001168066988 0)
(0.9944033379 -0.0001400676357 0)
(0.9925563996 0.00199226249 0)
(0.9911954278 0.000500992702 0)
(0.9880120523 -0.0008168632253 0)
(1.008169692 0.0004853265508 0)
(0.9926447259 -0.0005035214451 0)
(1.004591535 0.0002768668484 0)
(0.9953936653 -0.0002535511202 0)
(1.002084112 0.0001253852418 0)
(0.9967175216 -4.757433292e-05 0)
(1.00029314 2.554395973e-05 0)
(0.9971327958 0.0001325944557 0)
(0.9989194431 -2.943391727e-05 0)
(0.9969532696 0.0003079519505 0)
(0.9977287965 -4.354831982e-05 0)
(0.9963582074 0.0005069453526 0)
(0.9965472765 -1.409125035e-05 0)
(0.9954117241 0.0007770368346 0)
(0.9952202584 8.140697891e-05 0)
(0.9940546058 0.001220439789 0)
(0.9935334766 0.0003556868702 0)
(0.992050814 0.002182035477 0)
(0.9912751295 0.001529345013 0)
(0.9953313061 -0.0007672686217 0)
(1.002810574 0.0004471488336 0)
(0.996521191 -0.0004632926009 0)
(1.001419072 0.0002488313126 0)
(0.9970873648 -0.000203537806 0)
(1.000352989 9.941495371e-05 0)
(0.9971405625 2.482349853e-05 0)
(0.9994076344 -6.083070394e-06 0)
(0.9968820997 0.0002391616985 0)
(0.9984751157 -6.853756426e-05 0)
(0.9963868499 0.0004586628645 0)
(0.9974836266 -8.212939667e-05 0)
(0.9956747024 0.0007086230418 0)
(0.9963748877 -2.635153213e-05 0)
(0.9947165505 0.001030122076 0)
(0.9950741927 0.0001607202073 0)
(0.993420323 0.001513697901 0)
(0.9934602569 0.000685619869 0)
(0.9916611005 0.00249108363 0)
(0.9916164531 0.002322054804 0)
(0.9963848472 -0.0007440078588 0)
(1.002579772 0.00043048798 0)
(0.9967260913 -0.000438993854 0)
(1.001626834 0.0002530694164 0)
(0.9969131713 -0.0001855872265 0)
(1.000707879 0.0001263565754 0)
(0.9968310795 3.664056914e-05 0)
(0.9997703121 4.739692249e-05 0)
(0.9965484943 0.0002499227278 0)
(0.9987928494 1.48947869e-05 0)
(0.9960731475 0.0004789546256 0)
(0.9977473852 3.552254152e-05 0)
(0.9953960933 0.0007549695829 0)
(0.9965972185 0.0001362229818 0)
(0.9944843074 0.00112463133 0)
(0.9952842827 0.0003998535515 0)
(0.9932779232 0.001683661258 0)
(0.9937378224 0.001075297871 0)
(0.9917900069 0.002731059396 0)
(0.9921668824 0.002797504642 0)
(0.9967797902 -0.0007073748116 0)
(1.002370393 0.0003934118629 0)
(0.9969976795 -0.0003824037729 0)
(1.001511303 0.0002148956301 0)
(0.9971284536 -0.0001132782871 0)
(1.000632352 8.967570246e-05 0)
(0.997014603 0.000125205928 0)
(0.9997165942 2.065320293e-05 0)
(0.9967088052 0.0003528460077 0)
(0.9987573594 1.231075201e-05 0)
(0.9962152069 0.0005924033379 0)
(0.9977333327 7.961013906e-05 0)
(0.9955272048 0.0008739254409 0)
(0.9966142347 0.0002617476813 0)
(0.9946229416 0.001246157513 0)
(0.9953565697 0.0006560363764 0)
(0.9934822831 0.001818142951 0)
(0.9939398104 0.001497781862 0)
(0.9922192577 0.002871063657 0)
(0.9926326894 0.00319234218 0)
(0.9977335935 -0.0006919459518 0)
(1.00149256 0.0003919273953 0)
(0.9978035353 -0.0003650028076 0)
(1.000788374 0.0002254356521 0)
(0.997800833 -9.211205505e-05 0)
(1.000042907 0.0001132654204 0)
(0.9975702723 0.0001556828838 0)
(0.999243175 5.917800517e-05 0)
(0.9971651666 0.0003988212989 0)
(0.9983854733 7.129682838e-05 0)
(0.9965912523 0.0006595135208 0)
(0.9974522728 0.0001731353715 0)
(0.9958463675 0.0009647748215 0)
(0.9964199344 0.0004184200708 0)
(0.9949222909 0.001360028208 0)
(0.9952624466 0.0009181142949 0)
(0.9938361518 0.00195580148 0)
(0.9940092999 0.00187591196 0)
(0.9927592615 0.002996418581 0)
(0.9929661777 0.003502259923 0)
(0.9987838667 -0.0006432320752 0)
(1.000535501 0.0003504506343 0)
(0.9986515418 -0.0003081657838 0)
(1.0000167 0.0001944805746 0)
(0.9984791781 -2.923744477e-05 0)
(0.9994276845 9.889587976e-05 0)
(0.9981111013 0.0002228182014 0)
(0.9987588981 7.057305628e-05 0)
(0.9975967237 0.0004691737891 0)
(0.9980117139 0.0001210223457 0)
(0.9969401018 0.0007334319586 0)
(0.9971747234 0.0002785446208 0)
(0.996142364 0.001045018348 0)
(0.9962330915 0.0006014826406 0)
(0.9952093317 0.001455739381 0)
(0.9951807545 0.001194862532 0)
(0.9941898857 0.002082385798 0)
(0.9940915116 0.002210293313 0)
(0.9932797681 0.003121507876 0)
(0.9932790282 0.003717374613 0)
(0.9994805323 -0.000614184142 0)
(0.9999279104 0.000334040896 0)
(0.9991916417 -0.0002723764507 0)
(0.9995441384 0.0001887939475 0)
(0.998896421 1.468063857e-05 0)
(0.9990644222 0.0001065963821 0)
(0.9984353024 0.0002763576712 0)
(0.9984842836 9.938861049e-05 0)
(0.9978523831 0.0005324171742 0)
(0.9978108392 0.0001844180111 0)
(0.9971504443 0.0008049827661 0)
(0.9970389629 0.0003963298587 0)
(0.9963352105 0.0011247289 0)
(0.9961636755 0.0007944047729 0)
(0.9954263232 0.001552226962 0)
(0.9952010962 0.001464685585 0)
(0.9944955044 0.002210046821 0)
(0.9942611579 0.00249656814 0)
(0.993738039 0.003242920239 0)
(0.9936361526 0.003861394967 0)
(0.9997995566 -0.0005699230241 0)
(0.9996691914 0.0003025559227 0)
(0.9994325293 -0.0002236067053 0)
(0.9993532248 0.0001736820655 0)
(0.9990780253 6.637765912e-05 0)
(0.9989273359 0.0001127344395 0)
(0.9985754457 0.00033112678 0)
(0.998391058 0.000135385887 0)
(0.9979662706 0.0005907465375 0)
(0.9977557226 0.0002623241876 0)
(0.9972549941 0.0008683179304 0)
(0.9970211886 0.0005307887186 0)
(0.9964544237 0.001198733807 0)
(0.9961925435 0.000994890357 0)
(0.9955972816 0.001651418623 0)
(0.9953085021 0.001716242896 0)
(0.9947688489 0.002343560842 0)
(0.9945036886 0.002731263962 0)
(0.9941478487 0.003359063094 0)
(0.9940286442 0.003956905308 0)
(0.9999086011 -0.0005307129127 0)
(0.9995966099 0.0002771775552 0)
(0.9995155344 -0.00017761068 0)
(0.9993069921 0.0001638760077 0)
(0.9991406625 0.0001172828386 0)
(0.9989029448 0.0001243801064 0)
(0.9986267011 0.0003857414078 0)
(0.9983860159 0.000179003294 0)
(0.9980156412 0.000647938584 0)
(0.9977702625 0.0003510206623 0)
(0.9973161623 0.0009296035956 0)
(0.9970600976 0.0006759745522 0)
(0.9965491077 0.001273441082 0)
(0.9962717778 0.001195620869 0)
(0.9957577706 0.001757360459 0)
(0.9954651926 0.001944432419 0)
(0.9950331414 0.002481555764 0)
(0.9947854026 0.002920502978 0)
(0.9945302765 0.003466919621 0)
(0.9944295285 0.004019899834 0)
(0.9999397676 -0.000487779714 0)
(0.999591209 0.000250359617 0)
(0.9995425722 -0.0001304369656 0)
(0.9993115343 0.000156709913 0)
(0.9991629417 0.0001668272403 0)
(0.9989174267 0.0001426956245 0)
(0.9986498643 0.0004369360504 0)
(0.9984111746 0.0002326820303 0)
(0.9980477345 0.0007010015809 0)
(0.9978089975 0.0004508196479 0)
(0.9973705781 0.0009889525655 0)
(0.9971205806 0.0008274500131 0)
(0.9966465367 0.001352173219 0)
(0.9963748833 0.001388811244 0)
(0.9959258786 0.001871524316 0)
(0.9956494144 0.002145664792 0)
(0.9952995332 0.002619163924 0)
(0.9950853281 0.003072110361 0)
(0.9948971595 0.003561205791 0)
(0.9948233155 0.004060777868 0)
(0.9999499387 -0.0004435762308 0)
(0.9996045818 0.0002237008635 0)
(0.9995554503 -8.225643552e-05 0)
(0.9993302185 0.0001521409819 0)
(0.9991761489 0.000216193119 0)
(0.9989428973 0.0001669995405 0)
(0.9986688306 0.0004862623468 0)
(0.9984452427 0.0002955445083 0)
(0.9980810362 0.0007517116698 0)
(0.997856002 0.0005598369938 0)
(0.997432138 0.001049018589 0)
(0.9971915784 0.000981242248 0)
(0.9967558754 0.001437631002 0)
(0.9964943451 0.001570208402 0)
(0.9961063042 0.001992876577 0)
(0.9958533516 0.002320810541 0)
(0.9955708066 0.002751321904 0)
(0.9953939631 0.003194260731 0)
(0.9952538866 0.003639350688 0)
(0.9952053783 0.004086752558 0)
(0.9999558068 -0.0003986135992 0)
(0.9996231167 0.0001984576222 0)
(0.9995660557 -3.459823958e-05 0)
(0.9993531396 0.0001519106915 0)
(0.9991891003 0.0002637312721 0)
(0.99897206 0.0001985334699 0)
(0.9986904975 0.0005329389337 0)
(0.9984829067 0.0003671908203 0)
(0.9981210122 0.000800991803 0)
(0.9979079166 0.0006751488816 0)
(0.997504571 0.001112159356 0)
(0.9972718087 0.001132658311 0)
(0.9968785393 0.001530720049 0)
(0.9966294719 0.001736910109 0)
(0.9962986696 0.00211755664 0)
(0.9960737264 0.002472203018 0)
(0.9958467776 0.002872606029 0)
(0.9957065271 0.003292830711 0)
(0.9956028169 0.003700268382 0)
(0.9955753986 0.004100921779 0)
(0.9999608242 -0.0003526861878 0)
(0.9996440393 0.0001745413933 0)
(0.9995769702 1.253632738e-05 0)
(0.9993782506 0.0001562333052 0)
(0.9992039637 0.0003092547731 0)
(0.9990034023 0.00023748192 0)
(0.9987168409 0.0005771936515 0)
(0.9985233074 0.0004467147506 0)
(0.9981692178 0.0008502841648 0)
(0.9979649662 0.0007939327265 0)
(0.9975883831 0.001180384844 0)
(0.9973624939 0.001278268233 0)
(0.9970137507 0.001630921898 0)
(0.9967804867 0.001888174239 0)
(0.9965017019 0.002241123967 0)
(0.9963077079 0.002602954209 0)
(0.9961267325 0.002979553335 0)
(0.9960199713 0.003372009502 0)
(0.9959449596 0.003744740417 0)
(0.9959342243 0.004104750325 0)
(0.9999655911 -0.000306638093 0)
(0.9996667987 0.000152987525 0)
(0.9995888101 5.835027589e-05 0)
(0.9994050706 0.0001658697354 0)
(0.9992215034 0.0003524087954 0)
(0.9990365721 0.0002837857207 0)
(0.9987487115 0.0006196333117 0)
(0.9985665835 0.0005324923185 0)
(0.9982261251 0.0009012491506 0)
(0.9980282136 0.0009131203725 0)
(0.9976831369 0.001254736194 0)
(0.997465012 0.001415624282 0)
(0.997160378 0.001735932901 0)
(0.9969468914 0.002024335481 0)
(0.9967142281 0.002358934836 0)
(0.9965522707 0.002715410886 0)
(0.9964097316 0.003070216028 0)
(0.996332168 0.003433968316 0)
(0.9962805398 0.003773902444 0)
(0.9962827824 0.004098520152 0)
(0.9999701258 -0.0002608895782 0)
(0.9996911791 0.0001344724605 0)
(0.9996018326 0.0001022409219 0)
(0.9994333293 0.0001813282194 0)
(0.9992422188 0.0003930039028 0)
(0.9990714377 0.0003370220779 0)
(0.9987866251 0.0006611079092 0)
(0.9986131855 0.0006225335353 0)
(0.9982917522 0.0009554202215 0)
(0.9980988744 0.001029948501 0)
(0.9977881239 0.001335212567 0)
(0.9975802005 0.001543401059 0)
(0.9973174541 0.001842522639 0)
(0.9971272914 0.002146278182 0)
(0.9969351885 0.00246725479 0)
(0.9968044497 0.002811139152 0)
(0.9966945792 0.003144139755 0)
(0.9966416245 0.003479965448 0)
(0.9966093882 0.003789071069 0)
(0.9966217382 0.004082403072 0)
(0.9999744868 -0.0002160412985 0)
(0.9997168344 0.0001197154385 0)
(0.9996163453 0.0001437002397 0)
(0.9994626787 0.000202865624 0)
(0.9992665772 0.0004311811544 0)
(0.9991079247 0.0003963168356 0)
(0.9988308776 0.0007027305642 0)
(0.9986637377 0.0007146486911 0)
(0.9983658043 0.001013892727 0)
(0.9981780634 0.001142246044 0)
(0.9979025767 0.001420650486 0)
(0.9977081756 0.001661125966 0)
(0.9974841576 0.001947070008 0)
(0.997319674 0.00225475096 0)
(0.9971633664 0.002563433588 0)
(0.9970615818 0.002890884081 0)
(0.9969798011 0.003201589799 0)
(0.9969471968 0.003510739242 0)
(0.9969310954 0.003791212787 0)
(0.9969513833 0.004056458426 0)
(0.9999786774 -0.0001727348046 0)
(0.9997433668 0.0001094127316 0)
(0.9996325892 0.0001823116143 0)
(0.9994927784 0.0002304775038 0)
(0.9992949008 0.0004673411151 0)
(0.9991460883 0.0004603961369 0)
(0.9988814849 0.0007456758661 0)
(0.9987189787 0.0008066434968 0)
(0.9984477566 0.001077082081 0)
(0.9982665717 0.001248506259 0)
(0.9980257748 0.001508946737 0)
(0.9978482923 0.001768781189 0)
(0.9976596637 0.002046163128 0)
(0.9975216938 0.002350099259 0)
(0.9973972425 0.00264588396 0)
(0.9973213181 0.002954949694 0)
(0.9972637695 0.003243156035 0)
(0.9972478322 0.00352691805 0)
(0.9972451153 0.003781036107 0)
(0.9972716477 0.004020806282 0)
(0.9999827536 -0.000131585609 0)
(0.9997702353 0.0001041126041 0)
(0.9996508141 0.0002178549788 0)
(0.9995232571 0.0002638137686 0)
(0.9993273813 0.0005021361381 0)
(0.9991860767 0.0005276913628 0)
(0.9989382118 0.0007909687956 0)
(0.9987796234 0.0008965673284 0)
(0.9985369654 0.001144595036 0)
(0.9983646995 0.001347850775 0)
(0.9981570481 0.001597432976 0)
(0.9979992612 0.001866429881 0)
(0.9978429508 0.002136973312 0)
(0.9977309174 0.00243225163 0)
(0.9976349702 0.002713801807 0)
(0.9975815414 0.003003495399 0)
(0.9975448015 0.003269463292 0)
(0.9975424323 0.003529097187 0)
(0.997550759 0.003759041792 0)
(0.9975821487 0.003975566422 0)
(0.9999867546 -9.319275419e-05 0)
(0.9997968397 0.0001041928606 0)
(0.9996711673 0.0002503227452 0)
(0.9995538035 0.0003021821079 0)
(0.999363985 0.0005363814514 0)
(0.999228156 0.0005964881911 0)
(0.9990005748 0.0008392657737 0)
(0.9988462442 0.0009828682496 0)
(0.9986327347 0.001215240302 0)
(0.9984721765 0.001439835767 0)
(0.9982956873 0.001683273358 0)
(0.9981593212 0.001953947192 0)
(0.9980326609 0.00221737759 0)
(0.9979449257 0.002500868302 0)
(0.997874458 0.002766874328 0)
(0.9978402335 0.003036722541 0)
(0.9978212129 0.003281097527 0)
(0.9978297888 0.003517862618 0)
(0.9978471796 0.003725643043 0)
(0.9978822361 0.003920878533 0)
(0.9999907244 -5.805217296e-05 0)
(0.9998225253 0.0001097647142 0)
(0.9996936979 0.0002799603083 0)
(0.9995841729 0.0003445545949 0)
(0.9994044667 0.0005709413905 0)
(0.9992726365 0.0006650779077 0)
(0.9990679289 0.0008907026129 0)
(0.9989191194 0.001064431328 0)
(0.9987343688 0.001287208788 0)
(0.9985881668 0.001524194997 0)
(0.9984408247 0.001763823309 0)
(0.9983264212 0.002030927207 0)
(0.9982270617 0.002285913566 0)
(0.9981613435 0.002555542776 0)
(0.9981134834 0.002805070712 0)
(0.9980954051 0.003054939173 0)
(0.9980913244 0.003278617162 0)
(0.9981085901 0.003493792687 0)
(0.9981333571 0.003681252809 0)
(0.9981710297 0.003856954128 0)
(0.999994719 -2.656419568e-05 0)
(0.9998466266 0.0001206690571 0)
(0.9997183154 0.0003072072782 0)
(0.9996142178 0.0003896771888 0)
(0.9994483718 0.0006065394911 0)
(0.9993198033 0.0007319404443 0)
(0.9991395399 0.0009447907331 0)
(0.9989981372 0.001140539526 0)
(0.9988411554 0.00135831484 0)
(0.998711353 0.00160063162 0)
(0.9985913205 0.001836837314 0)
(0.9984983494 0.0020967547 0)
(0.9984240966 0.002341638386 0)
(0.998377809 0.002595978254 0)
(0.9983497872 0.002828531215 0)
(0.9983450621 0.003058567176 0)
(0.9983534646 0.003262565263 0)
(0.9983774598 0.003457423244 0)
(0.9984081726 0.003626226876 0)
(0.9984475228 0.003783958989 0)
(0.9999987521 1.087908888e-06 0)
(0.9998685661 0.0001363834093 0)
(0.999744744 0.0003326971959 0)
(0.9996439205 0.0004361279376 0)
(0.9994950609 0.0006436470868 0)
(0.9993698457 0.0007958141548 0)
(0.9992146362 0.001000481897 0)
(0.9990827756 0.001210705487 0)
(0.9989522928 0.001426294782 0)
(0.9988400828 0.0016686576 0)
(0.9987456953 0.001900548473 0)
(0.9986728305 0.002150714539 0)
(0.9986214824 0.002383984701 0)
(0.9985919725 0.002622063696 0)
(0.9985811168 0.002837562089 0)
(0.9985872 0.003048197335 0)
(0.9986058943 0.003233659363 0)
(0.9986348788 0.003409525124 0)
(0.9986702735 0.003561271266 0)
(0.9987104543 0.003702522025 0)
(1.000002874 2.482770265e-05 0)
(0.9998878386 0.0001561543271 0)
(0.9997725836 0.0003570592414 0)
(0.9996733228 0.0004825263245 0)
(0.9995438236 0.0006822823709 0)
(0.9994227345 0.000855787246 0)
(0.9992924779 0.001056253064 0)
(0.9991720949 0.001274564874 0)
(0.999066834 0.001489029136 0)
(0.9989724665 0.001727636932 0)
(0.998902161 0.001953638076 0)
(0.9988475445 0.002192165125 0)
(0.9988168581 0.002412598006 0)
(0.9988015305 0.002633792475 0)
(0.9988053663 0.002832371532 0)
(0.9988199854 0.003024174577 0)
(0.9988471082 0.003192167796 0)
(0.9988795915 0.003350261169 0)
(0.9989186042 0.00348633491 0)
(0.9989588467 0.003612421029 0)
(1.00000709 4.490775177e-05 0)
(0.9999041356 0.0001788630237 0)
(0.9998012742 0.0003809671423 0)
(0.9997025413 0.0005275279996 0)
(0.9995939085 0.0007220583289 0)
(0.9994782178 0.0009111283255 0)
(0.9993723253 0.001110333032 0)
(0.9992648634 0.001331618769 0)
(0.9991836043 0.001544710875 0)
(0.9991065081 0.001776815981 0)
(0.9990586544 0.001995289397 0)
(0.9990201224 0.002220830534 0)
(0.9990077538 0.00242773415 0)
(0.9990040669 0.002631926159 0)
(0.99902023 0.002814154084 0)
(0.9990412564 0.002988061283 0)
(0.9990750968 0.00313987512 0)
(0.9991097208 0.003281566989 0)
(0.9991514106 0.003403400149 0)
(0.9991910626 0.003515653108 0)
(1.000011374 6.151418612e-05 0)
(0.9999173555 0.000203406304 0)
(0.9998301604 0.000404741667 0)
(0.9997316846 0.0005701842932 0)
(0.9996445822 0.0007620940027 0)
(0.999535777 0.0009614482261 0)
(0.9994533989 0.001160835467 0)
(0.9993596516 0.001381265791 0)
(0.9993012197 0.001591639302 0)
(0.9992402465 0.001815123069 0)
(0.9992131197 0.002024295826 0)
(0.999188481 0.002235689737 0)
(0.9991921823 0.002428356003 0)
(0.9991978784 0.002615462931 0)
(0.9992243401 0.002781710012 0)
(0.9992499934 0.002938537713 0)
(0.9992891196 0.003075208558 0)
(0.9993247193 0.003201735679 0)
(0.9993682186 0.003310575041 0)
(0.9994066188 0.003410255751 0)
(1.000015812 7.545451421e-05 0)
(0.9999275027 0.0002282314316 0)
(0.9998586957 0.0004285688382 0)
(0.999760745 0.0006094135215 0)
(0.9996952779 0.0008013019693 0)
(0.9995945907 0.001006345055 0)
(0.9995348468 0.00120649778 0)
(0.9994547522 0.001423384753 0)
(0.9994179155 0.001629778754 0)
(0.9993713127 0.001843358128 0)
(0.9993629303 0.002042392548 0)
(0.9993497363 0.002239357377 0)
(0.9993671677 0.00241803399 0)
(0.9993799378 0.002588718324 0)
(0.9994147945 0.002739940182 0)
(0.9994434465 0.002880807611 0)
(0.9994867118 0.003003485571 0)
(0.9995224067 0.003115982895 0)
(0.9995671847 0.00321288576 0)
(0.999603937 0.003300992522 0)
(1.000020222 8.715146346e-05 0)
(0.9999348677 0.0002527127049 0)
(0.9998861618 0.0004519540357 0)
(0.9997897681 0.0006445890091 0)
(0.9997454409 0.0008373509784 0)
(0.9996539902 0.001044277905 0)
(0.99961593 0.001243772188 0)
(0.9995490835 0.00145465804 0)
(0.9995325601 0.001654556543 0)
(0.9994986863 0.001856557123 0)
(0.999507128 0.002043768834 0)
(0.9995033213 0.002225685482 0)
(0.9995323709 0.002390069318 0)
(0.9995502193 0.002544992072 0)
(0.9995916003 0.002682080327 0)
(0.9996215945 0.002808530867 0)
(0.9996675556 0.002918750153 0)
(0.9997021837 0.003019051024 0)
(0.9997473551 0.003105629966 0)
(0.9997818784 0.003183830784 0)
(1.000024775 9.552353719e-05 0)
(0.9999393562 0.000276332457 0)
(0.9999118839 0.0004759904952 0)
(0.9998179207 0.000677310951 0)
(0.9997939992 0.0008727852433 0)
(0.9997119731 0.001079432931 0)
(0.9996944698 0.001278314403 0)
(0.9996394331 0.001482482801 0)
(0.9996414885 0.001675560347 0)
(0.9996180658 0.001865739607 0)
(0.9996412 0.002041109206 0)
(0.9996446567 0.002207940335 0)
(0.9996836745 0.002358098011 0)
(0.9997052697 0.002497253275 0)
(0.999752405 0.002620219243 0)
(0.9997832516 0.002732203025 0)
(0.9998317599 0.002829940311 0)
(0.9998652016 0.002918009057 0)
(0.999910699 0.002994278973 0)
(0.9999427849 0.003062601464 0)
(1.00003527 0.000106120341 0)
(0.9999477688 0.0003108365769 0)
(0.9999692158 0.0005181471863 0)
(0.9998849743 0.0007247503242 0)
(0.999907036 0.0009223794258 0)
(0.9998479743 0.001120243457 0)
(0.9998767383 0.001308866033 0)
(0.9998467736 0.001492804447 0)
(0.9998883526 0.001664620544 0)
(0.9998843222 0.001827080902 0)
(0.9999356995 0.00197531775 0)
(0.9999496173 0.002111898276 0)
(1.000005117 0.002234050247 0)
(1.00002895 0.002344475731 0)
(1.000083428 0.002441845606 0)
(1.000111013 0.002528812804 0)
(1.000161089 0.002604838963 0)
(1.000188507 0.002672300452 0)
(1.00023252 0.002731013954 0)
(1.000257684 0.002782968383 0)
(1.000047094 0.0001157302799 0)
(0.9999568265 0.0003377320226 0)
(1.000030579 0.0005477525183 0)
(0.9999594708 0.0007482990125 0)
(1.000027465 0.0009358469907 0)
(0.999985053 0.001112803541 0)
(1.000052929 0.00127707451 0)
(1.000034915 0.001429250362 0)
(1.00010367 0.001568008544 0)
(1.000104086 0.001694038426 0)
(1.000171417 0.001807087694 0)
(1.000183357 0.001908209008 0)
(1.000246293 0.00199782842 0)
(1.000263951 0.002077173522 0)
(1.000320293 0.002146962093 0)
(1.000339608 0.002208382837 0)
(1.000388335 0.00226218762 0)
(1.000406905 0.002309406546 0)
(1.000447983 0.002350704261 0)
(1.000464633 0.002386917421 0)
(1.00005539 0.0001154204044 0)
(0.9999577083 0.0003333155793 0)
(1.000062498 0.0005327265408 0)
(0.9999969631 0.0007163704319 0)
(1.000092577 0.0008845572627 0)
(1.000056496 0.001038006624 0)
(1.000146802 0.001177446308 0)
(1.000132457 0.001303213624 0)
(1.000216122 0.001416118474 0)
(1.000215876 0.001516697699 0)
(1.000291047 0.001606029604 0)
(1.000298542 0.001684860289 0)
(1.000363969 0.001754355123 0)
(1.000374832 0.001815312631 0)
(1.000430317 0.001868824755 0)
(1.000441923 0.001915620175 0)
(1.000488062 0.00195663044 0)
(1.000499013 0.001992459308 0)
(1.000536841 0.00202385771 0)
(1.00054652 0.00205129842 0)
(1.000059059 0.0001078188871 0)
(0.9999580845 0.0003105440639 0)
(1.000077638 0.0004930133504 0)
(1.000015727 0.0006571769072 0)
(1.000123635 0.0008049882038 0)
(1.000089037 0.000936956753 0)
(1.000186784 0.001054835867 0)
(1.000170608 0.001159177083 0)
(1.000256764 0.00125159521 0)
(1.000251795 0.001332766519 0)
(1.000325977 0.001404218357 0)
(1.000327219 0.00146666756 0)
(1.000389752 0.001521455806 0)
(1.000393967 0.001569229532 0)
(1.00044579 0.001611096607 0)
(1.000451059 0.001647585756 0)
(1.000493452 0.001679575398 0)
(1.000498734 0.00170747368 0)
(1.00053309 0.001731961155 0)
(1.000537885 0.00175334268 0)
(1.000059764 9.663040868e-05 0)
(0.9999583556 0.0002781249547 0)
(1.00008154 0.0004397032309 0)
(1.000020892 0.0005828346001 0)
(1.000130923 0.0007100610169 0)
(1.000095566 0.0008221342149 0)
(1.000192997 0.0009211791264 0)
(1.000174137 0.001007957939 0)
(1.000257941 0.001084294079 0)
(1.000248871 0.001150909406 0)
(1.000319413 0.001209341533 0)
(1.000315872 0.001260226602 0)
(1.000374222 0.00130481599 0)
(1.000373581 0.00134362785 0)
(1.000421225 0.001377650222 0)
(1.000421962 0.001407282723 0)
(1.000460506 0.001433289996 0)
(1.000461779 0.001455969623 0)
(1.000492762 0.001475906998 0)
(1.000494135 0.00149331926 0)
(1.0000575 8.406098267e-05 0)
(0.999959709 0.0002418826154 0)
(1.000078203 0.0003815049018 0)
(1.00001961 0.0005041280128 0)
(1.000124543 0.0006122957452 0)
(1.000088855 0.0007068623768 0)
(1.000180262 0.0007899064265 0)
(1.000159254 0.0008622355466 0)
(1.000236624 0.0009255849942 0)
(1.000224401 0.0009806543008 0)
(1.000288662 0.001028845048 0)
(1.000281657 0.001070723995 0)
(1.000334283 0.001107392189 0)
(1.000330303 0.001139283912 0)
(1.000372964 0.001167246926 0)
(1.000370707 0.00119160239 0)
(1.000405045 0.001212996245 0)
(1.000403748 0.001231661312 0)
(1.000431252 0.001248087982 0)
(1.000430476 0.001262443452 0)
(1.000053446 7.144664658e-05 0)
(0.9999620472 0.0002055841992 0)
(1.000071379 0.0003238607454 0)
(1.000015881 0.0004272562509 0)
(1.000111993 0.0005180741412 0)
(1.000077014 0.000597160531 0)
(1.000159876 0.0006663955197 0)
(1.000138052 0.0007265443053 0)
(1.000207551 0.0007791429075 0)
(1.000193727 0.0008248164472 0)
(1.000251011 0.0008647720236 0)
(1.000242115 0.0008994914971 0)
(1.000288745 0.0009299047775 0)
(1.000282883 0.0009563697954 0)
(1.000320513 0.0009795944407 0)
(1.000316538 0.0009998388898 0)
(1.000346726 0.001017639496 0)
(1.000343938 0.001033183401 0)
(1.000368062 0.00104687697 0)
(1.000366033 0.001058854366 0)
(1.000048271 5.953596276e-05 0)
(0.999965165 0.0001713357854 0)
(1.0000629 0.000269758666 0)
(1.000011566 0.0003556202013 0)
(1.000096933 0.0004308805498 0)
(1.000063693 0.0004963143447 0)
(1.000136751 0.0005535187663 0)
(1.000115196 0.000603174566 0)
(1.000176114 0.0006465715271 0)
(1.00016181 0.0006842516868 0)
(1.000211798 0.000717215857 0)
(1.000202103 0.0007458731181 0)
(1.000242665 0.0007709870608 0)
(1.000235929 0.0007928576085 0)
(1.000268591 0.000812062481 0)
(1.000263788 0.0008288183855 0)
(1.000289952 0.0008435616125 0)
(1.000286435 0.0008564479915 0)
(1.000307323 0.0008678076412 0)
(1.00030468 0.0008777527208 0)
(1.000042568 4.866808067e-05 0)
(0.99996888 0.0001400853742 0)
(1.000054282 0.0002205189068 0)
(1.000008077 0.0002906496655 0)
(1.000082304 0.0003520790701 0)
(1.000051832 0.0004054799866 0)
(1.000115051 0.000452155466 0)
(1.000094821 0.0004926862185 0)
(1.000147345 0.0005281167416 0)
(1.000133572 0.0005589032114 0)
(1.000176555 0.0005858504664 0)
(1.000166971 0.0006092999294 0)
(1.000201781 0.0006298629145 0)
(1.000194953 0.0006477892398 0)
(1.000222946 0.0006635404085 0)
(1.000217969 0.0006772974325 0)
(1.000240371 0.0006894086063 0)
(1.000236662 0.0007000048933 0)
(1.000254536 0.0007093498738 0)
(1.000251713 0.0007175385967 0)
(1.000036936 3.893326081e-05 0)
(0.9999726637 0.0001120849397 0)
(1.000046119 0.0001764384492 0)
(1.000005276 0.0002325581769 0)
(1.000068861 0.0002817086693 0)
(1.000041547 0.0003244529465 0)
(1.000095512 0.000361819345 0)
(1.000077085 0.0003942885722 0)
(1.000121821 0.0004226818305 0)
(1.000109075 0.0004473747653 0)
(1.00014563 0.0004689981391 0)
(1.000136628 0.000487832707 0)
(1.000166205 0.000504356566 0)
(1.000159706 0.0005187755875 0)
(1.000183476 0.0005314503408 0)
(1.000178689 0.0005425307225 0)
(1.000197705 0.0005522887805 0)
(1.000194108 0.0005608336993 0)
(1.000209278 0.0005683713859 0)
(1.000206525 0.0005749817154 0)
(1.000031653 3.027929081e-05 0)
(0.9999763842 8.718771639e-05 0)
(1.000038938 0.0001372571173 0)
(1.000003471 0.0001809453859 0)
(1.000057458 0.0002192169035 0)
(1.00003352 0.000252525808 0)
(1.000079234 0.0002816556037 0)
(1.000062921 0.00030699099 0)
(1.000100761 0.0003291563106 0)
(1.000089368 0.0003484517454 0)
(1.000120259 0.0003653562925 0)
(1.00011214 0.0003800948101 0)
(1.000137119 0.000393030212 0)
(1.000131214 0.0004043281723 0)
(1.000151281 0.0004142624161 0)
(1.000146903 0.0004229543438 0)
(1.000162955 0.0004306105428 0)
(1.00015965 0.0004373200833 0)
(1.000172453 0.0004432393795 0)
(1.000169916 0.0004484340886 0)
(1.000027066 2.257579243e-05 0)
(0.9999796544 6.50139612e-05 0)
(1.000032854 0.000102354081 0)
(1.000002198 0.0001349528369 0)
(1.000048013 0.0001635155879 0)
(1.000027182 0.0001883911987 0)
(1.000065913 0.0002101522732 0)
(1.000051618 0.0002290929503 0)
(1.00008365 0.0002456690429 0)
(1.000073605 0.000260110015 0)
(1.000099742 0.00027276538 0)
(1.000092545 0.0002838074411 0)
(1.000113674 0.000293500961 0)
(1.000108416 0.0003019733987 0)
(1.000125389 0.0003094244587 0)
(1.000121477 0.0003159480039 0)
(1.000135053 0.0003216947748 0)
(1.000132093 0.0003267340155 0)
(1.000142922 0.0003311798688 0)
(1.000140646 0.0003350836643 0)
(1.000023327 1.56422117e-05 0)
(0.9999823842 4.505246586e-05 0)
(1.000028075 7.093261266e-05 0)
(1.000001471 9.353922127e-05 0)
(1.000040762 0.0001133517369 0)
(1.000022608 0.0001306178551 0)
(1.000055791 0.000145726595 0)
(1.000043278 0.0001588861008 0)
(1.000070706 0.0001704059337 0)
(1.000061881 0.0001804485814 0)
(1.000084253 0.0001892514465 0)
(1.000077909 0.0001969368915 0)
(1.000095992 0.0002036848051 0)
(1.000091345 0.0002095860567 0)
(1.00010587 0.0002147763704 0)
(1.000102405 0.0002193229582 0)
(1.000114023 0.0002233282863 0)
(1.000111397 0.0002268421625 0)
(1.000120664 0.000229942182 0)
(1.000118643 0.0002326654298 0)
(1.000020641 9.242141864e-06 0)
(0.9999843492 2.661735134e-05 0)
(1.000024671 4.190364692e-05 0)
(1.000001017 5.526024192e-05 0)
(1.000035664 6.696697541e-05 0)
(1.000019478 7.717287998e-05 0)
(1.000048718 8.610452079e-05 0)
(1.000037532 9.388700675e-05 0)
(1.000061694 0.0001007005955 0)
(1.000053787 0.0001066429035 0)
(1.000073493 0.0001118521298 0)
(1.000067797 0.000116401891 0)
(1.000083725 0.0001203968983 0)
(1.000079546 0.0001238919395 0)
(1.000092339 0.0001269660151 0)
(1.00008922 0.0001296597532 0)
(1.000099453 0.0001320327931 0)
(1.000097087 0.0001341153245 0)
(1.00010525 0.0001359525065 0)
(1.000103428 0.0001375668789 0)
(1.000019162 3.071891619e-06 0)
(0.9999854174 8.846642866e-06 0)
(1.000022792 1.392363293e-05 0)
(1.000000781 1.836208567e-05 0)
(1.000032897 2.225098773e-05 0)
(1.000017816 2.5643429e-05 0)
(1.000044914 2.861130351e-05 0)
(1.00003448 3.119902713e-05 0)
(1.000056869 3.346381302e-05 0)
(1.000049486 3.544031532e-05 0)
(1.000067746 3.717233793e-05 0)
(1.000062425 3.868610646e-05 0)
(1.000077183 4.001475751e-05 0)
(1.000073276 4.117790313e-05 0)
(1.000085131 4.220049627e-05 0)
(1.000082213 4.309716123e-05 0)
(1.000091695 4.388669538e-05 0)
(1.000089482 4.458003093e-05 0)
(1.000097046 4.519136727e-05 0)
(1.000095341 4.572891698e-05 0)
)
;

boundaryField
{
    top
    {
        type            fixedValue;
        value           uniform (1 0 0);
    }
    inlet
    {
        type            fixedValue;
        value           uniform (1 0 0);
    }
    outlet
    {
        type            zeroGradient;
    }
    plate
    {
        type            fixedValue;
        value           uniform (0 0 0);
    }
    symmBound
    {
        type            zeroGradient;
    }
    frontAndBack
    {
        type            empty;
    }
}


// ************************************************************************* //
