/*--------------------------------*- C++ -*----------------------------------*\
| =========                 |                                                 |
| \\      /  F ield         | OpenFOAM: The Open Source CFD Toolbox           |
|  \\    /   O peration     | Version:  v1806                                 |
|   \\  /    A nd           | Web:      www.OpenFOAM.com                      |
|    \\/     M anipulation  |                                                 |
\*---------------------------------------------------------------------------*/
FoamFile
{
    version     2.0;
    format      ascii;
    class       volVectorField;
    location    "1000";
    object      U;
}
// * * * * * * * * * * * * * * * * * * * * * * * * * * * * * * * * * * * * * //

dimensions      [0 1 -1 0 0 0 0];


internalField   nonuniform List<vector> 
2475
(
(0.08324365002 0.004800252463 0)
(0.05954618262 0.003039250948 0)
(0.03982690433 0.001338032992 0)
(0.02797280433 0.0003597216536 0)
(0.02216081352 2.364422228e-05 0)
(0.01912090239 -1.656567922e-05 0)
(0.01720845887 6.41029274e-06 0)
(0.01575547422 1.822580467e-05 0)
(0.01453981354 1.855101613e-05 0)
(0.01351858693 1.581427141e-05 0)
(0.01264771275 1.360439088e-05 0)
(0.01189839841 1.177604067e-05 0)
(0.01123295803 1.032454596e-05 0)
(0.01064413126 8.976699658e-06 0)
(0.01010697029 7.870208201e-06 0)
(0.009626151771 6.881787326e-06 0)
(0.009177824064 6.060968008e-06 0)
(0.00877511709 5.34916336e-06 0)
(0.008390929245 4.730890317e-06 0)
(0.008047691868 4.214279548e-06 0)
(0.007711140086 3.736737109e-06 0)
(0.007415473705 3.358853515e-06 0)
(0.007114608199 2.982856117e-06 0)
(0.006858895151 2.703820065e-06 0)
(0.006584193727 2.405243766e-06 0)
(0.006363949716 2.19453e-06 0)
(0.006106870476 1.961193112e-06 0)
(0.005920355181 1.79196382e-06 0)
(0.005671981707 1.623923398e-06 0)
(0.005520441633 1.466186494e-06 0)
(0.005269760419 1.381468496e-06 0)
(0.005158371037 1.190220957e-06 0)
(0.004889632313 1.24376934e-06 0)
(0.004828658006 9.367189867e-07 0)
(0.004517259829 1.283377884e-06 0)
(0.1004508015 0.006031568316 0)
(0.09680952945 0.007099406082 0)
(0.08773566977 0.005800139375 0)
(0.07705723672 0.00367500007 0)
(0.0674136848 0.002002899653 0)
(0.05954317901 0.001117634362 0)
(0.0534301649 0.0007180965437 0)
(0.04869010679 0.000517869727 0)
(0.04486722414 0.0003959633684 0)
(0.04170375807 0.0003124664621 0)
(0.0390042481 0.000253838724 0)
(0.03667885193 0.0002106378225 0)
(0.03461614843 0.0001777127284 0)
(0.03279436113 0.0001513982446 0)
(0.03113424682 0.0001301057468 0)
(0.02965017037 0.0001126160916 0)
(0.02826669425 9.800992605e-05 0)
(0.0270254516 8.591985028e-05 0)
(0.02584100583 7.545911104e-05 0)
(0.02478415841 6.684386848e-05 0)
(0.02374721176 5.906754242e-05 0)
(0.02283754813 5.280658717e-05 0)
(0.02191094854 4.684245876e-05 0)
(0.02112471223 4.22487542e-05 0)
(0.02027903284 3.754399193e-05 0)
(0.01960225057 3.417667638e-05 0)
(0.01881127357 3.036695413e-05 0)
(0.01823845573 2.793516542e-05 0)
(0.01747505849 2.477816581e-05 0)
(0.01700984436 2.308238219e-05 0)
(0.01624092712 2.04366445e-05 0)
(0.01589879393 1.931429422e-05 0)
(0.01507780221 1.720201766e-05 0)
(0.01488948579 1.642285265e-05 0)
(0.0139463275 1.54437549e-05 0)
(0.1011032135 0.006256692521 0)
(0.1038032443 0.00771286845 0)
(0.1034492719 0.006919964194 0)
(0.09995704083 0.005218156842 0)
(0.09486943453 0.003702208254 0)
(0.0892737214 0.002705831105 0)
(0.0837449848 0.002060833964 0)
(0.07855724107 0.001599606593 0)
(0.07374745844 0.001256706749 0)
(0.06938136146 0.001001280114 0)
(0.06541521387 0.0008124752482 0)
(0.06186546938 0.0006707222666 0)
(0.05863184828 0.0005623047479 0)
(0.0557291082 0.0004771724959 0)
(0.05304454876 0.0004088575174 0)
(0.05062407814 0.000353458798 0)
(0.04834411344 0.000307251868 0)
(0.04628981782 0.0002692099477 0)
(0.04431334337 0.0002362962434 0)
(0.04254732328 0.0002092286244 0)
(0.04080184561 0.000184845898 0)
(0.03927171666 0.0001651756697 0)
(0.03770204903 0.000146518268 0)
(0.03637342702 0.000132084419 0)
(0.03493411095 0.0001173717694 0)
(0.03378676715 0.000106811941 0)
(0.03243605801 9.485244166e-05 0)
(0.03146279845 8.729834476e-05 0)
(0.03015660638 7.726006095e-05 0)
(0.02936485494 7.216704271e-05 0)
(0.02804887855 6.347884869e-05 0)
(0.02746535186 6.049055675e-05 0)
(0.02606344011 5.296153508e-05 0)
(0.02573994999 5.16235398e-05 0)
(0.0241395825 4.644719867e-05 0)
(0.1007520752 0.005481866084 0)
(0.1035486923 0.006916514106 0)
(0.1057739108 0.006595949579 0)
(0.1060795358 0.005495148212 0)
(0.1048188763 0.004371307431 0)
(0.1026411212 0.003558223705 0)
(0.09992905979 0.002981847224 0)
(0.09691305635 0.002522760496 0)
(0.09363269638 0.00213839562 0)
(0.09024395562 0.001814474765 0)
(0.08677409637 0.00154401612 0)
(0.08337445307 0.001318602997 0)
(0.08001106349 0.001130974575 0)
(0.07681826478 0.0009750158115 0)
(0.07370311872 0.000844333802 0)
(0.07080505575 0.0007357116773 0)
(0.06797548338 0.0006431580106 0)
(0.06538380793 0.0005661736393 0)
(0.06282277017 0.0004987735447 0)
(0.06051773976 0.0004430559367 0)
(0.0581883429 0.0003924681764 0)
(0.05614438559 0.0003515031287 0)
(0.05400495097 0.0003124247213 0)
(0.05220112981 0.0002821054924 0)
(0.05020870115 0.0002510495496 0)
(0.04863293478 0.000228746736 0)
(0.04674165816 0.0002033059618 0)
(0.04539392033 0.0001873437817 0)
(0.04355023344 0.0001657677539 0)
(0.04244718114 0.0001551322425 0)
(0.04058113431 0.0001361284142 0)
(0.03976371137 0.0001302399143 0)
(0.03777475969 0.0001131685409 0)
(0.03731697407 0.0001113341917 0)
(0.03505598287 9.793189113e-05 0)
(0.1003678745 0.004832610886 0)
(0.102499137 0.006216966039 0)
(0.1048008844 0.006123383851 0)
(0.1061052425 0.005354401655 0)
(0.1063922653 0.004483158486 0)
(0.106056675 0.003820479636 0)
(0.1052946545 0.003345384436 0)
(0.1042562345 0.002962713706 0)
(0.1028586498 0.002633778571 0)
(0.1012162196 0.002345332082 0)
(0.09925914078 0.0020907 0)
(0.09715206332 0.00186452153 0)
(0.09480016213 0.001661811096 0)
(0.09240291597 0.001481403066 0)
(0.08982443482 0.001318976251 0)
(0.08730377381 0.001176240043 0)
(0.08464373982 0.001047451595 0)
(0.08213331193 0.0009363020944 0)
(0.07949280368 0.0008348996627 0)
(0.07708324583 0.0007492903867 0)
(0.07451766584 0.0006692249664 0)
(0.07226364007 0.0006037046548 0)
(0.06979217241 0.000539740494 0)
(0.06772619126 0.0004899348877 0)
(0.06534229489 0.0004378704762 0)
(0.06348795525 0.000400563761 0)
(0.06116533755 0.0003571093655 0)
(0.05954816946 0.0003301137699 0)
(0.05724075891 0.0002926527713 0)
(0.05589840812 0.0002746448267 0)
(0.05353377883 0.0002410828574 0)
(0.05252795386 0.0002313841436 0)
(0.049993047 0.0002005065972 0)
(0.04942224954 0.0001982752552 0)
(0.04654303607 0.0001722526294 0)
(0.0997924798 0.004341623953 0)
(0.1014394245 0.005622608243 0)
(0.1033980712 0.005642339394 0)
(0.104756955 0.005063889244 0)
(0.1054100369 0.004361040091 0)
(0.1056950135 0.003802367555 0)
(0.105710195 0.003397259684 0)
(0.1056322177 0.003074554842 0)
(0.1053055178 0.002800227207 0)
(0.1048658325 0.002562071953 0)
(0.1041357774 0.002350740599 0)
(0.1033067246 0.002161177393 0)
(0.1021630661 0.001985921069 0)
(0.1009545427 0.001825562054 0)
(0.09941969888 0.00167357565 0)
(0.09788197492 0.001535022746 0)
(0.09601553305 0.001402033021 0)
(0.09423211709 0.001283116468 0)
(0.0921140847 0.001167599904 0)
(0.09018315125 0.001067445847 0)
(0.08789375962 0.0009681971618 0)
(0.08591151655 0.0008857932498 0)
(0.08351531384 0.0008010739826 0)
(0.08156670577 0.0007349548431 0)
(0.07910360874 0.000662470256 0)
(0.07726158604 0.000611004284 0)
(0.07474323286 0.000548184647 0)
(0.07307476233 0.0005099794142 0)
(0.0704819129 0.0004542118917 0)
(0.06905852308 0.0004284061718 0)
(0.06633493124 0.0003772259044 0)
(0.06524690796 0.0003635224363 0)
(0.06228598026 0.0003153289111 0)
(0.06165803687 0.0003130548829 0)
(0.05828203313 0.0002705080068 0)
(0.09911576611 0.003928705293 0)
(0.1003961283 0.005054241271 0)
(0.1020162223 0.005160270698 0)
(0.1032692355 0.004739176906 0)
(0.103950526 0.004178547516 0)
(0.1043943485 0.00370229956 0)
(0.1046086056 0.003341556878 0)
(0.1048471413 0.003052332577 0)
(0.1048971657 0.002807811395 0)
(0.1049846126 0.002600346446 0)
(0.1048385623 0.0024187852 0)
(0.1047433916 0.002260208951 0)
(0.1043583836 0.002113745722 0)
(0.1040367632 0.001982173147 0)
(0.1033618898 0.001854638348 0)
(0.1027792923 0.001739197309 0)
(0.1017813971 0.00162313521 0)
(0.1009299488 0.001519368063 0)
(0.09960177589 0.001411799511 0)
(0.09850452683 0.001318509401 0)
(0.09686321782 0.001218665041 0)
(0.09557097504 0.001136233922 0)
(0.09364958557 0.001044116929 0)
(0.09223326775 0.0009734096537 0)
(0.09006830579 0.00088887113 0)
(0.08861086957 0.0008306923203 0)
(0.08622902905 0.0007529827904 0)
(0.08482084098 0.0007079983755 0)
(0.08222648827 0.0006356757115 0)
(0.08096661442 0.0006046145641 0)
(0.07812905002 0.0005357616746 0)
(0.0771331863 0.0005195451396 0)
(0.07397080802 0.0004528157666 0)
(0.07338305243 0.0004514929302 0)
(0.06974344039 0.0003905886882 0)
(0.09844040804 0.003577827717 0)
(0.09944195822 0.004534873292 0)
(0.1007500481 0.004710288451 0)
(0.101881357 0.004423239215 0)
(0.1025173256 0.003984313955 0)
(0.1030063698 0.003580684267 0)
(0.1032430368 0.003255588479 0)
(0.1035682099 0.002989572 0)
(0.1036883071 0.00276146956 0)
(0.1039467044 0.002570172838 0)
(0.103967622 0.002402779144 0)
(0.1041694053 0.002260998615 0)
(0.1040802388 0.00213038574 0)
(0.1042053867 0.002018046183 0)
(0.103965509 0.001908203896 0)
(0.1039773109 0.001813482734 0)
(0.1035361032 0.001715147504 0)
(0.1033970394 0.001631497095 0)
(0.1027051485 0.001539340858 0)
(0.1023879542 0.001463444952 0)
(0.1014057942 0.001374662239 0)
(0.1009022558 0.001305453057 0)
(0.09960479789 0.001218848316 0)
(0.09893097848 0.001156769156 0)
(0.09730741096 0.001071973109 0)
(0.09650497713 0.001018414789 0)
(0.09455297317 0.0009352210957 0)
(0.09368786426 0.0008921427726 0)
(0.09140316106 0.000810013815 0)
(0.09056398542 0.0007797541923 0)
(0.0879262445 0.0006976937812 0)
(0.08722476393 0.0006827553316 0)
(0.08418049969 0.000600348788 0)
(0.08375291599 0.000601803979 0)
(0.08019878253 0.0005248388502 0)
(0.09783358366 0.003284040031 0)
(0.09863244796 0.004077573648 0)
(0.09966040274 0.004297294428 0)
(0.1006684275 0.004118370259 0)
(0.1012363548 0.003782395128 0)
(0.1017427494 0.003447241138 0)
(0.1019595632 0.003157923841 0)
(0.1023145013 0.002915117889 0)
(0.1024158475 0.002700728922 0)
(0.1027248623 0.002521314202 0)
(0.1027502855 0.002361228846 0)
(0.1030476702 0.002228521052 0)
(0.1030114601 0.002104350093 0)
(0.1033054154 0.002001945382 0)
(0.1031942464 0.001899974411 0)
(0.1034739801 0.001817377585 0)
(0.1032585653 0.001728835517 0)
(0.103502305 0.001659498277 0)
(0.1031418315 0.001578494649 0)
(0.1033218593 0.001518277286 0)
(0.1027685641 0.001440756593 0)
(0.1028576716 0.001387316293 0)
(0.1020623188 0.001310543108 0)
(0.1020413132 0.001263023039 0)
(0.1009583421 0.001185208522 0)
(0.1008232913 0.001144057655 0)
(0.09941390079 0.001064009684 0)
(0.09918182824 0.001030838666 0)
(0.09741344877 0.0009476156954 0)
(0.09712569866 0.0009250286028 0)
(0.09496707184 0.0008378289579 0)
(0.09468987529 0.0008289781252 0)
(0.09210256163 0.0007383032957 0)
(0.09192164077 0.0007445619169 0)
(0.08885336518 0.0006590634337 0)
(0.09733532962 0.003035419488 0)
(0.09798890564 0.003680031425 0)
(0.09877790395 0.003919516767 0)
(0.09966542347 0.003826617276 0)
(0.1001579921 0.003578062683 0)
(0.1006667465 0.00330765991 0)
(0.1008554149 0.003055021445 0)
(0.1012235721 0.002837090595 0)
(0.1012921996 0.00263689317 0)
(0.1016170911 0.002469266321 0)
(0.1016103415 0.002314931394 0)
(0.1019329961 0.002189116285 0)
(0.1018742716 0.002067817409 0)
(0.102215207 0.001971147087 0)
(0.1021065657 0.001871692224 0)
(0.1024719995 0.001795412235 0)
(0.1023037927 0.001710226175 0)
(0.1026912076 0.001648669537 0)
(0.1024437667 0.001572437602 0)
(0.1028428182 0.001521833974 0)
(0.102486754 0.001450560152 0)
(0.1028803034 0.001408446496 0)
(0.1023775119 0.001338959217 0)
(0.1027440592 0.00130392243 0)
(0.1020501577 0.001233608054 0)
(0.1023679471 0.001205251629 0)
(0.1014359791 0.001131918515 0)
(0.1016881921 0.001110929195 0)
(0.1004727603 0.001032748006 0)
(0.1006524013 0.001020909408 0)
(0.09911320054 0.0009366349072 0)
(0.09922538034 0.0009363902945 0)
(0.09733003506 0.0008470046733 0)
(0.09738658847 0.0008586332725 0)
(0.09511574785 0.0007754635434 0)
(0.0969671734 0.002819986319 0)
(0.09751257569 0.00333753407 0)
(0.09810966805 0.003577717065 0)
(0.09888008718 0.003551570138 0)
(0.09930130644 0.003376168689 0)
(0.0997968106 0.003165025768 0)
(0.09996235212 0.002948901323 0)
(0.1003298072 0.002756980679 0)
(0.1003757743 0.002572215933 0)
(0.1006979734 0.002417231589 0)
(0.1006676423 0.002269154663 0)
(0.1009848002 0.002150093361 0)
(0.100903668 0.002031240669 0)
(0.1012388871 0.001939047519 0)
(0.1011151688 0.001840647856 0)
(0.1014800059 0.001768179996 0)
(0.1013138039 0.001683806771 0)
(0.1017140069 0.001626240325 0)
(0.1014997002 0.001551295987 0)
(0.1019359956 0.001505431116 0)
(0.1016623221 0.00143643734 0)
(0.1021297956 0.001400184934 0)
(0.1017792182 0.0013342937 0)
(0.1022663796 0.001306369242 0)
(0.1018147877 0.001241047749 0)
(0.1023031237 0.001220866375 0)
(0.1017207165 0.001153753456 0)
(0.1021851955 0.001141463312 0)
(0.1014391097 0.001070409897 0)
(0.1018494288 0.001066915396 0)
(0.1009082908 0.0009904592329 0)
(0.1012295677 0.0009969687289 0)
(0.1000699929 0.0009164485019 0)
(0.1002593884 0.0009314485299 0)
(0.09887394314 0.0008599826926 0)
(0.09673633906 0.002629319662 0)
(0.09719355316 0.003044127807 0)
(0.09764694409 0.003271819779 0)
(0.09830231994 0.003294649403 0)
(0.09866463714 0.003179205622 0)
(0.09912914078 0.003020666435 0)
(0.09928439807 0.002840273143 0)
(0.09963414654 0.002674801329 0)
(0.09967689734 0.002507006607 0)
(0.09997756126 0.002365412881 0)
(0.09994689246 0.002224900315 0)
(0.1002347156 0.002112732499 0)
(0.1001561652 0.001997162836 0)
(0.1004531811 0.001908954889 0)
(0.1003379084 0.001812013554 0)
(0.1006557093 0.001742213771 0)
(0.1005083692 0.001658595539 0)
(0.1008536414 0.001603104414 0)
(0.1006755067 0.001528834891 0)
(0.1010515077 0.001484871718 0)
(0.100841571 0.001416942361 0)
(0.1012480506 0.001382721589 0)
(0.1010030658 0.001318720235 0)
(0.1014351583 0.001293186688 0)
(0.1011491994 0.001231001246 0)
(0.1015956767 0.00121367808 0)
(0.101259749 0.001151326724 0)
(0.1017010348 0.001142253463 0)
(0.1013033668 0.001077911545 0)
(0.101709663 0.001077555858 0)
(0.1012372683 0.001010094036 0)
(0.1015668829 0.001018792464 0)
(0.1010086331 0.0009500807312 0)
(0.1012057817 0.0009649905344 0)
(0.1005546968 0.0009090680254 0)
(0.09663635906 0.002457931996 0)
(0.09701473778 0.002792461209 0)
(0.09736842036 0.003000145508 0)
(0.0979113595 0.003056162003 0)
(0.09823068301 0.002988947508 0)
(0.09864761562 0.002875835142 0)
(0.09880697785 0.002729793359 0)
(0.09912266933 0.002590352305 0)
(0.0991819067 0.002440990756 0)
(0.09944448461 0.002313172512 0)
(0.09943679082 0.002181843228 0)
(0.09967698834 0.00207661532 0)
(0.0996268628 0.001965661747 0)
(0.09986448276 0.001881048842 0)
(0.0997848019 0.001786651264 0)
(0.1000301697 0.001718751187 0)
(0.09992808287 0.001636785547 0)
(0.1001867494 0.001582231283 0)
(0.1000667702 0.001509325161 0)
(0.100341255 0.001465684208 0)
(0.1002068429 0.001399212364 0)
(0.1004971883 0.001364887095 0)
(0.100351453 0.001302765689 0)
(0.100654911 0.001276826902 0)
(0.1005007644 0.00121729759 0)
(0.1008107885 0.001199358089 0)
(0.1006506989 0.001140851858 0)
(0.1009553598 0.001130976735 0)
(0.100790856 0.001072150104 0)
(0.1010708618 0.001070695901 0)
(0.1009019396 0.001010976375 0)
(0.1011286032 0.001017939676 0)
(0.1009529797 0.0009598281488 0)
(0.1010865855 0.0009718942578 0)
(0.1008961121 0.0009298412527 0)
(0.0966484024 0.002302307796 0)
(0.09695441005 0.002575036221 0)
(0.09724269081 0.002759982167 0)
(0.09768018036 0.00283606619 0)
(0.09796959257 0.002806688834 0)
(0.09832900437 0.002731689028 0)
(0.09850138656 0.002617856966 0)
(0.09877363641 0.002503304755 0)
(0.0988610324 0.002373442676 0)
(0.09907794855 0.002259582619 0)
(0.09910648387 0.002139006095 0)
(0.09929271895 0.002040850936 0)
(0.09928466462 0.001935885041 0)
(0.09945759079 0.001854698922 0)
(0.09942638042 0.001763965425 0)
(0.09959527534 0.001697548518 0)
(0.09954919747 0.001618169275 0)
(0.09971883223 0.001563964985 0)
(0.09966362035 0.001493199126 0)
(0.09983593907 0.001449157812 0)
(0.09977630523 0.001384735583 0)
(0.09995128709 0.001349439549 0)
(0.09989175826 0.001289521803 0)
(0.1000676777 0.001262128918 0)
(0.1000129816 0.001205182372 0)
(0.1001862428 0.001185349756 0)
(0.1001413169 0.00113006841 0)
(0.1003059263 0.001117876431 0)
(0.1002755222 0.001063262794 0)
(0.1004222177 0.001059036504 0)
(0.1004099808 0.001004983525 0)
(0.1005251073 0.001008610769 0)
(0.1005318075 0.0009581726423 0)
(0.1005962438 0.0009663734236 0)
(0.1006145295 0.0009341251243 0)
(0.09674600354 0.002160136579 0)
(0.09698868218 0.002385205455 0)
(0.09723311765 0.002547852883 0)
(0.09757873685 0.002633919685 0)
(0.09784429487 0.002633125196 0)
(0.09814608358 0.002589236112 0)
(0.09833103764 0.002504685498 0)
(0.09856072766 0.002413461218 0)
(0.09867605939 0.002303485059 0)
(0.09885152553 0.002203762355 0)
(0.09891571268 0.002095111696 0)
(0.09905559922 0.002004453693 0)
(0.09908754588 0.001906542375 0)
(0.09920688628 0.00182904901 0)
(0.09921941704 0.001742776639 0)
(0.09932691172 0.001677950552 0)
(0.0993283501 0.001601714949 0)
(0.09942873884 0.001547891855 0)
(0.09942480466 0.001479622377 0)
(0.09952029938 0.001435203631 0)
(0.0995153939 0.001372994567 0)
(0.09960661233 0.001336785737 0)
(0.09960456909 0.001279016897 0)
(0.09969103163 0.001250281237 0)
(0.09969549966 0.001195584379 0)
(0.09977585146 0.001174016768 0)
(0.09979040172 0.001121257045 0)
(0.09986243478 0.001106924239 0)
(0.0998904026 0.001055336197 0)
(0.09995087238 0.001048492588 0)
(0.09999484642 0.0009983153116 0)
(0.1000390464 0.0009987264062 0)
(0.1000996726 0.0009534386648 0)
(0.1001208704 0.0009579877109 0)
(0.1001926029 0.0009320066705 0)
(0.0969020753 0.002029709826 0)
(0.09709386673 0.002217552417 0)
(0.09730476187 0.002359897298 0)
(0.09757689336 0.00244888918 0)
(0.09781818906 0.002468568236 0)
(0.09807027582 0.002449429784 0)
(0.09825977099 0.002390572631 0)
(0.09845547293 0.002320870207 0)
(0.09858944038 0.002230365613 0)
(0.09873552848 0.002144968497 0)
(0.0988249809 0.002048870856 0)
(0.09893447409 0.001966416377 0)
(0.09899422974 0.001876231264 0)
(0.09907981835 0.001803110178 0)
(0.09912125541 0.001721743364 0)
(0.09919121184 0.001659077186 0)
(0.09922204008 0.00158618826 0)
(0.09928137714 0.001533252793 0)
(0.09930679529 0.001467478928 0)
(0.09935832022 0.001423183552 0)
(0.0993820072 0.001363014097 0)
(0.09942716882 0.001326428759 0)
(0.09945193161 0.001270478721 0)
(0.09949134529 0.001240993253 0)
(0.09951948111 0.00118806259 0)
(0.0995532299 0.001165409214 0)
(0.09958668679 0.001114525709 0)
(0.09961446028 0.001098732455 0)
(0.09965484838 0.00104934082 0)
(0.09967592575 0.001040542292 0)
(0.09972435488 0.0009931827386 0)
(0.09973741332 0.000990972058 0)
(0.09979388843 0.0009494410571 0)
(0.09979678326 0.0009509040554 0)
(0.09985718208 0.0009291410217 0)
(0.09709450795 0.001909639568 0)
(0.09724847015 0.00206791861 0)
(0.09742978775 0.002192408013 0)
(0.09764702319 0.002279865352 0)
(0.09786128628 0.002313196606 0)
(0.0980743679 0.002313189185 0)
(0.09825829004 0.002276063746 0)
(0.09843024785 0.002225840348 0)
(0.09857108735 0.002153713134 0)
(0.09870049198 0.002082672758 0)
(0.09880270219 0.001999292995 0)
(0.09889747128 0.001925807617 0)
(0.09897161822 0.001843755491 0)
(0.09904193756 0.001775854754 0)
(0.0990975332 0.001699677212 0)
(0.09915103453 0.001639926793 0)
(0.099194945 0.001570481813 0)
(0.09923676061 0.001519097367 0)
(0.09927364864 0.001455758024 0)
(0.0993070106 0.001412191093 0)
(0.09934001586 0.001353882636 0)
(0.09936692071 0.001317495537 0)
(0.09939820446 0.001263103873 0)
(0.09941987263 0.001233426297 0)
(0.09945096536 0.001181949016 0)
(0.09946811399 0.00115874937 0)
(0.09950011093 0.001109400648 0)
(0.09951307453 0.001092655247 0)
(0.09954672644 0.001045103098 0)
(0.09955544051 0.001034810168 0)
(0.09959112802 0.0009898785629 0)
(0.09959499991 0.0009854672047 0)
(0.09963235088 0.0009471693601 0)
(0.09963027152 0.0009460225563 0)
(0.09966589584 0.0009275119872 0)
(0.09730774293 0.001798725558 0)
(0.0974344899 0.001933155982 0)
(0.09758861305 0.002042141316 0)
(0.09776586497 0.002125521861 0)
(0.09795180295 0.002167096856 0)
(0.09813485275 0.002181331697 0)
(0.09830570583 0.002161956702 0)
(0.09846121295 0.002128914008 0)
(0.09859990392 0.002073624517 0)
(0.09872094529 0.002016626882 0)
(0.09882673143 0.001945821999 0)
(0.0989167884 0.00188188177 0)
(0.09899625341 0.001808262686 0)
(0.09906285142 0.001746346746 0)
(0.09912349583 0.001675665176 0)
(0.09917328006 0.001619529039 0)
(0.09922107137 0.001553721811 0)
(0.09925897373 0.001504471787 0)
(0.09929815048 0.001443651917 0)
(0.09932752511 0.001401294421 0)
(0.0993609518 0.001344857858 0)
(0.09938401211 0.001309068363 0)
(0.09941359678 0.001256207974 0)
(0.09943177722 0.001226669986 0)
(0.09945878315 0.001176611114 0)
(0.09947296734 0.001153136001 0)
(0.09949821164 0.001105301075 0)
(0.09950883039 0.001087818732 0)
(0.09953279063 0.001042106005 0)
(0.09953980553 0.001030495522 0)
(0.09956261007 0.0009879840578 0)
(0.0995654345 0.0009815709544 0)
(0.09958650997 0.0009463800555 0)
(0.0995841943 0.0009429770109 0)
(0.09960050782 0.0009272199282 0)
(0.09753126301 0.00169596261 0)
(0.09763791033 0.001810895091 0)
(0.09776786247 0.001906450219 0)
(0.09791529044 0.001984460341 0)
(0.09807427949 0.002030258314 0)
(0.09823312327 0.002054567664 0)
(0.09838743137 0.002049213304 0)
(0.09852986229 0.002030852503 0)
(0.09866149954 0.0019906087 0)
(0.09877747309 0.001946920885 0)
(0.09888201509 0.001888321091 0)
(0.09897139807 0.001834182131 0)
(0.09905196873 0.001769238034 0)
(0.0991196315 0.001713867475 0)
(0.0991817076 0.001649056131 0)
(0.09923302706 0.001597084629 0)
(0.09928162541 0.001535244599 0)
(0.09932105172 0.001488573863 0)
(0.09936002227 0.00143052762 0)
(0.09939079844 0.001389710836 0)
(0.09942285722 0.0013353431 0)
(0.09944721536 0.001300384707 0)
(0.09947420767 0.001249222465 0)
(0.09949361997 0.001219977395 0)
(0.09951676888 0.001171496272 0)
(0.09953213016 0.001147834803 0)
(0.09955221197 0.001101677766 0)
(0.09956392542 0.00108350309 0)
(0.09958136279 0.001039792627 0)
(0.09958933816 0.001026902373 0)
(0.0996041715 0.0009869291871 0)
(0.09960780025 0.0009786282905 0)
(0.09961933385 0.0009465034152 0)
(0.09961780727 0.0009411557042 0)
(0.0996233168 0.0009277719543 0)
(0.09775773068 0.001600441809 0)
(0.09784862341 0.00169925548 0)
(0.09795806725 0.001783167136 0)
(0.09808214391 0.00185526592 0)
(0.09821733122 0.0019024763 0)
(0.09835546499 0.001933425035 0)
(0.09849273501 0.001938767465 0)
(0.09862295196 0.001932523348 0)
(0.09874557132 0.00190540681 0)
(0.098856627 0.001873933713 0)
(0.09895792587 0.001826960445 0)
(0.09904700344 0.001782551673 0)
(0.0991272962 0.001726428183 0)
(0.09919681537 0.00167795098 0)
(0.09925962859 0.001619400024 0)
(0.09931355075 0.001572009731 0)
(0.09936287732 0.00151454402 0)
(0.09940497681 0.001470799104 0)
(0.099444224 0.001415882125 0)
(0.09947748166 0.001376850888 0)
(0.09950921662 0.001324853292 0)
(0.09953578398 0.001290876664 0)
(0.09956182845 0.001241675601 0)
(0.09958315904 0.001212798127 0)
(0.0996047552 0.001166134766 0)
(0.0996217357 0.00114230705 0)
(0.0996396831 0.001098050219 0)
(0.09965270696 0.001079176994 0)
(0.09966743288 0.001037659271 0)
(0.09967641478 0.001023504319 0)
(0.09968792649 0.000986177303 0)
(0.09969232616 0.0009761114333 0)
(0.09969987761 0.0009469715788 0)
(0.09969911442 0.0009399922591 0)
(0.09970038265 0.000928615367 0)
(0.09798197214 0.00151141564 0)
(0.0980598721 0.001596773413 0)
(0.09815240797 0.001670572431 0)
(0.09825744058 0.001736648068 0)
(0.09837244676 0.001783403598 0)
(0.09849227822 0.001818269692 0)
(0.09861348168 0.001831451439 0)
(0.09873148201 0.00183483649 0)
(0.09884452795 0.001818883083 0)
(0.09894965521 0.001798270023 0)
(0.09904685047 0.001762134114 0)
(0.09913453906 0.001727097362 0)
(0.0992140933 0.001679784831 0)
(0.09928467987 0.001638355332 0)
(0.09934833223 0.001586395804 0)
(0.09940434246 0.001543900476 0)
(0.09945500764 0.001491223677 0)
(0.09949941989 0.001450702033 0)
(0.09953997352 0.001399306289 0)
(0.09957539866 0.00136228305 0)
(0.09960819832 0.001312998808 0)
(0.09963664179 0.001280145961 0)
(0.09966345745 0.001233203705 0)
(0.09968632768 0.001204769584 0)
(0.09970841418 0.00116018333 0)
(0.09972659424 0.001136221251 0)
(0.09974478037 0.00109408458 0)
(0.09975868343 0.00107453275 0)
(0.09977341646 0.001035368036 0)
(0.0997830117 0.001020007593 0)
(0.09979429747 0.0009853739094 0)
(0.09979917209 0.0009737212117 0)
(0.0998062896 0.0009474104823 0)
(0.09980612541 0.0009391310098 0)
(0.09980725336 0.0009293894738 0)
(0.09820072552 0.001428209233 0)
(0.09826762859 0.001502243458 0)
(0.09834633649 0.001567254297 0)
(0.09843549677 0.001627444196 0)
(0.09853364202 0.001672573254 0)
(0.09863722004 0.001709293754 0)
(0.09874381482 0.001727946961 0)
(0.09884964659 0.001738675605 0)
(0.09895308278 0.001731961493 0)
(0.09905121469 0.001720708372 0)
(0.0991437201 0.001694436615 0)
(0.0992286796 0.001668174728 0)
(0.09930705271 0.001629477158 0)
(0.09937755508 0.001595066942 0)
(0.09944200259 0.001549914704 0)
(0.09949922616 0.001512524962 0)
(0.09955158211 0.001464999916 0)
(0.09959764728 0.001427953961 0)
(0.09964017614 0.00138045437 0)
(0.09967723956 0.00134564806 0)
(0.09971201364 0.001299413852 0)
(0.09974187382 0.001267829363 0)
(0.09977056044 0.001223434398 0)
(0.09979455036 0.001195532646 0)
(0.099818389 0.001153264401 0)
(0.09983738242 0.001129224035 0)
(0.09985721979 0.001089395645 0)
(0.09987166159 0.001069222761 0)
(0.09988796812 0.001032523685 0)
(0.09989790403 0.001016068187 0)
(0.09991070887 0.0009841149297 0)
(0.09991587375 0.0009711043683 0)
(0.09992454752 0.0009474186551 0)
(0.09992487194 0.000938170444 0)
(0.09992815116 0.0009297344406 0)
(0.0984121187 0.001350242145 0)
(0.09846963386 0.00141466933 0)
(0.09853698906 0.001472030605 0)
(0.0986128087 0.001526603042 0)
(0.09869688443 0.00156941018 0)
(0.0987861326 0.001606476774 0)
(0.09887965279 0.001628699099 0)
(0.09897368655 0.001644759742 0)
(0.09906769061 0.001645473042 0)
(0.09915808755 0.001642037917 0)
(0.09924537325 0.001624527111 0)
(0.09932643798 0.001606263558 0)
(0.09940302251 0.001575805845 0)
(0.09947233939 0.001548230019 0)
(0.09953721707 0.001509974714 0)
(0.09959479006 0.001477817679 0)
(0.09964878024 0.001435745355 0)
(0.09969586747 0.00140240786 0)
(0.09974057498 0.001359160532 0)
(0.09977881588 0.001326802189 0)
(0.09981595844 0.00128395484 0)
(0.09984688579 0.001253827852 0)
(0.09987797215 0.001212268628 0)
(0.09990280494 0.001185044034 0)
(0.09992902315 0.001145322451 0)
(0.09994860728 0.001121322276 0)
(0.09997080348 0.001083958378 0)
(0.09998561092 0.001063289423 0)
(0.1000042766 0.001029113906 0)
(0.100014431 0.001011742429 0)
(0.1000296378 0.0009823853011 0)
(0.100035017 0.0009682982635 0)
(0.1000462792 0.000946973473 0)
(0.1000470237 0.0009370828218 0)
(0.100053646 0.0009296365568 0)
(0.09861488945 0.001277087798 0)
(0.09866437958 0.001333316854 0)
(0.09872234855 0.001384021187 0)
(0.09878692524 0.001433320928 0)
(0.09885923035 0.001473439315 0)
(0.09893596245 0.001509789087 0)
(0.09901789822 0.001534098505 0)
(0.09910080636 0.001553777696 0)
(0.09918572089 0.00156026329 0)
(0.09926802717 0.001563123116 0)
(0.09934966415 0.001553177822 0)
(0.09942594801 0.0015419782 0)
(0.09950006634 0.001519189899 0)
(0.09956724589 0.001498074446 0)
(0.09963197815 0.001466621099 0)
(0.09968911389 0.001439679311 0)
(0.09974439071 0.001403225274 0)
(0.09979192907 0.00137374083 0)
(0.09983869052 0.001335009452 0)
(0.09987771959 0.001305286316 0)
(0.09991727574 0.001266098063 0)
(0.09994900993 0.001237606479 0)
(0.09998265763 0.001199122745 0)
(0.1000081598 0.001172733965 0)
(0.1000369969 0.001135746993 0)
(0.1000570579 0.001111940373 0)
(0.1000819078 0.001077160886 0)
(0.1000970113 0.001056173106 0)
(0.1001183806 0.001024548007 0)
(0.1001287172 0.001006499414 0)
(0.1001467348 0.0009796380848 0)
(0.100152307 0.0009647971874 0)
(0.1001666673 0.0009455963008 0)
(0.1001677809 0.0009353725678 0)
(0.1001783238 0.0009287121157 0)
(0.09880798733 0.001208131095 0)
(0.09885060382 0.00125732534 0)
(0.09890075459 0.001302234359 0)
(0.09895582986 0.001346652898 0)
(0.09901825203 0.001383946216 0)
(0.09908411909 0.001418886992 0)
(0.09915586742 0.001444192138 0)
(0.09922850178 0.001466125303 0)
(0.09930481096 0.001476969754 0)
(0.0993789829 0.001484752085 0)
(0.09945469755 0.001481213288 0)
(0.09952557617 0.001476127395 0)
(0.09959659141 0.001460358892 0)
(0.09966082894 0.001445261902 0)
(0.09972475937 0.001420424144 0)
(0.09978073359 0.001398637584 0)
(0.09983679431 0.001367911008 0)
(0.09988423947 0.001342429854 0)
(0.09993274395 0.001308456563 0)
(0.09997219581 0.001281597256 0)
(0.1000140186 0.001246332673 0)
(0.1000463342 0.001219711318 0)
(0.1000825145 0.001184528449 0)
(0.1001085578 0.00115919199 0)
(0.1001400642 0.001125092882 0)
(0.1001605379 0.001101684126 0)
(0.1001881457 0.001069548365 0)
(0.1002035212 0.001048458317 0)
(0.1002277434 0.001019327899 0)
(0.1002382578 0.001000862539 0)
(0.1002592899 0.0009763084408 0)
(0.1002650457 0.0009610242551 0)
(0.1002827828 0.0009436463992 0)
(0.100284209 0.0009333407795 0)
(0.1002989702 0.0009272428642 0)
(0.09899021721 0.001143267875 0)
(0.09902695579 0.001186367714 0)
(0.09907058081 0.001226192969 0)
(0.09911762313 0.001266083192 0)
(0.0991717493 0.001300501623 0)
(0.09922823935 0.001333531822 0)
(0.09929111145 0.001358967378 0)
(0.09935442384 0.001381994564 0)
(0.09942274763 0.0013959121 0)
(0.09948899353 0.001407287284 0)
(0.09955871027 0.001408933291 0)
(0.09962380431 0.001408877899 0)
(0.09969120775 0.001399274335 0)
(0.09975184786 0.001389533803 0)
(0.09981433905 0.001370876997 0)
(0.09986848122 0.001353971234 0)
(0.0999247589 0.001328862456 0)
(0.09997156195 0.001307378164 0)
(0.1000213921 0.00127824657 0)
(0.1000608743 0.001254397933 0)
(0.1001046977 0.001223226812 0)
(0.1001373403 0.001198699443 0)
(0.100175909 0.001167002543 0)
(0.1002023428 0.001142981767 0)
(0.1002364628 0.001111926128 0)
(0.1002572691 0.001089208282 0)
(0.1002876433 0.001059809887 0)
(0.1003032538 0.001038945214 0)
(0.1003303912 0.001012314432 0)
(0.1003410656 0.0009937994657 0)
(0.1003652319 0.0009714547213 0)
(0.100371146 0.0009561073001 0)
(0.1003924426 0.0009403856291 0)
(0.100394114 0.0009302644583 0)
(0.100413265 0.0009246759523 0)
(0.09916030999 0.001081765819 0)
(0.09919197761 0.001119664611 0)
(0.09923010673 0.001155123611 0)
(0.09927030665 0.001190972378 0)
(0.09931743553 0.001222689603 0)
(0.09936582475 0.001253666024 0)
(0.09942099324 0.001278761737 0)
(0.09947592689 0.001302172238 0)
(0.09953694858 0.001318265075 0)
(0.09959563397 0.00133227701 0)
(0.09965944626 0.001338144624 0)
(0.09971857963 0.001342265903 0)
(0.0997820205 0.001338084422 0)
(0.09983856267 0.00133314775 0)
(0.09989906455 0.001320249487 0)
(0.09995078567 0.001307991127 0)
(0.1000067324 0.00128834769 0)
(0.1000523719 0.001270859063 0)
(0.100103089 0.001246574472 0)
(0.1001422107 0.00122586088 0)
(0.100187732 0.001198841097 0)
(0.1002204421 0.001176580792 0)
(0.1002612167 0.001148409661 0)
(0.1002878853 0.001125889836 0)
(0.1003245277 0.001097861078 0)
(0.1003455824 0.001076027333 0)
(0.1003786991 0.001049275092 0)
(0.1003945024 0.001028849709 0)
(0.1004245851 0.001004545486 0)
(0.100435394 0.0009862243333 0)
(0.1004627775 0.0009658420122 0)
(0.1004688173 0.0009506750426 0)
(0.1004938008 0.0009363398639 0)
(0.1004956554 0.0009265352815 0)
(0.1005192846 0.0009213248718 0)
(0.09931728993 0.001023392691 0)
(0.099344609 0.001056606967 0)
(0.09937814807 0.001088078137 0)
(0.0994125404 0.001120069021 0)
(0.09945380223 0.001149029543 0)
(0.09949522358 0.001177632211 0)
(0.09954376748 0.001201803106 0)
(0.09959124423 0.00122478254 0)
(0.09964569217 0.001242059011 0)
(0.09969728584 0.001257621471 0)
(0.09975542117 0.001266596317 0)
(0.09980856316 0.001273844011 0)
(0.09986781968 0.001274135009 0)
(0.09991986356 0.001273228597 0)
(0.09997788502 0.001265471082 0)
(0.100026614 0.001257460098 0)
(0.1000816621 0.001243018454 0)
(0.1001255642 0.001229472325 0)
(0.1001766585 0.001210050513 0)
(0.1002149393 0.001192675897 0)
(0.1002617688 0.00116999134 0)
(0.1002941905 0.001150360399 0)
(0.100336911 0.001125961097 0)
(0.1003635735 0.001105384473 0)
(0.1004025928 0.001080609076 0)
(0.1004237423 0.001060130803 0)
(0.1004595488 0.001036177814 0)
(0.1004754477 0.001016662545 0)
(0.100508499 0.0009947391984 0)
(0.1005193722 0.0009770572926 0)
(0.10055006 0.0009586007938 0)
(0.1005561572 0.0009439851503 0)
(0.1005849565 0.0009309647975 0)
(0.1005869087 0.0009216791361 0)
(0.1006151217 0.0009168710248 0)
(0.09945895046 0.0009689085994 0)
(0.09948250866 0.0009983557649 0)
(0.09951215909 0.001026612519 0)
(0.09954157267 0.001055445566 0)
(0.09957789257 0.00108210576 0)
(0.09961331995 0.001108650585 0)
(0.09965620247 0.0011319048 0)
(0.09969711734 0.00115431759 0)
(0.0997457605 0.001172341218 0)
(0.09979086667 0.001188946089 0)
(0.09984373645 0.001200284806 0)
(0.09989110417 0.00120995831 0)
(0.09994620717 0.001213863864 0)
(0.09999362778 0.001216281135 0)
(0.1000489171 0.001212848039 0)
(0.1000943178 0.001208494169 0)
(0.1001480761 0.001198558874 0)
(0.1001898316 0.00118852901 0)
(0.1002408932 0.001173410683 0)
(0.1002779475 0.001159112702 0)
(0.1003257281 0.001140323299 0)
(0.1003575453 0.001123204727 0)
(0.1004019345 0.001102230787 0)
(0.1004283548 0.001083603874 0)
(0.1004695543 0.001061803821 0)
(0.1004906336 0.001042788071 0)
(0.1005290045 0.001021402444 0)
(0.1005448892 0.001002977131 0)
(0.1005808447 0.0009832320767 0)
(0.1005917106 0.0009664017122 0)
(0.1006256879 0.0009496938023 0)
(0.1006317927 0.0009358105106 0)
(0.1006644149 0.0009239747063 0)
(0.1006664258 0.0009152731984 0)
(0.100699165 0.0009108514554 0)
(0.0995866928 0.0009138389167 0)
(0.09960694037 0.0009395048681 0)
(0.09963330745 0.0009644813341 0)
(0.09965841837 0.0009900051381 0)
(0.09969052327 0.001014131274 0)
(0.09972069575 0.001038277096 0)
(0.09975863975 0.001060186272 0)
(0.09979364056 0.001081512514 0)
(0.0998370207 0.001099719322 0)
(0.09987602616 0.00111677642 0)
(0.09992385324 0.001129926084 0)
(0.09996548406 0.001141533934 0)
(0.1000163088 0.00114867939 0)
(0.1000588259 0.001154174102 0)
(0.100110996 0.00115497232 0)
(0.1001525934 0.001154328795 0)
(0.1002045556 0.001149084409 0)
(0.1002436391 0.001142875227 0)
(0.1002941747 0.001132431148 0)
(0.1003295349 0.001121657563 0)
(0.1003778669 0.001107196257 0)
(0.1004087202 0.00109307156 0)
(0.1004544989 0.001075912152 0)
(0.1004804275 0.001059677285 0)
(0.1005236405 0.001041134188 0)
(0.1005444863 0.001023956368 0)
(0.1005853463 0.001005290148 0)
(0.1006011087 0.0009882662154 0)
(0.1006399634 0.0009707311212 0)
(0.1006507409 0.0009550079517 0)
(0.1006880536 0.0009399940702 0)
(0.1006940903 0.0009270293395 0)
(0.1007305995 0.000916298245 0)
(0.1007325885 0.000908258336 0)
(0.1007699059 0.0009041949363 0)
(0.09983407765 0.0008079295417 0)
(0.09984793097 0.0008274061262 0)
(0.09986809275 0.0008467951877 0)
(0.099885001 0.0008665624297 0)
(0.09990932286 0.0008858689929 0)
(0.09992958231 0.000905231316 0)
(0.09995839569 0.0009236683015 0)
(0.09998211562 0.0009417620053 0)
(0.1000155485 0.000958404331 0)
(0.1000425575 0.0009742728324 0)
(0.1000804284 0.0009881637977 0)
(0.1001102075 0.00100088606 0)
(0.100151996 0.00101118131 0)
(0.10018368 0.001020020576 0)
(0.1002285678 0.001026131941 0)
(0.1002610231 0.001030661052 0)
(0.1003080078 0.001032355486 0)
(0.1003399701 0.001032519996 0)
(0.1003880213 0.001029946615 0)
(0.1004182526 0.001026053459 0)
(0.1004664627 0.001019701811 0)
(0.1004938832 0.001012350817 0)
(0.100541577 0.001002968355 0)
(0.1005653429 0.000992961834 0)
(0.1006121287 0.0009814679144 0)
(0.1006316536 0.0009697358492 0)
(0.1006774251 0.0009571651964 0)
(0.1006923652 0.0009447368726 0)
(0.1007372849 0.0009322361095 0)
(0.1007475265 0.0009202825073 0)
(0.1007920447 0.0009091756845 0)
(0.1007977626 0.0008991399857 0)
(0.1008427663 0.0008910637533 0)
(0.1008446707 0.0008848528825 0)
(0.1008919024 0.0008818792731 0)
(0.1000084047 0.0006766582965 0)
(0.1000172582 0.0006904981853 0)
(0.1000328969 0.0007046099177 0)
(0.1000434744 0.0007190406423 0)
(0.1000621028 0.0007336032462 0)
(0.1000746262 0.000748330243 0)
(0.1000965834 0.0007629965995 0)
(0.1001112049 0.0007776173069 0)
(0.1001367737 0.0007919326915 0)
(0.1001535363 0.0008059420712 0)
(0.1001828771 0.0008193620336 0)
(0.1002016605 0.0008321827289 0)
(0.1002347709 0.0008441157583 0)
(0.1002552568 0.0008551524061 0)
(0.1002919498 0.0008650249495 0)
(0.1003136128 0.0008737366503 0)
(0.1003535278 0.0008810700266 0)
(0.1003756623 0.0008870469994 0)
(0.1004183118 0.0008915301588 0)
(0.1004400905 0.0008945580875 0)
(0.100484933 0.0008961008714 0)
(0.1005054836 0.000896200422 0)
(0.1005520076 0.0008949587912 0)
(0.1005704935 0.0008923968825 0)
(0.1006182971 0.0008887717386 0)
(0.1006339863 0.0008840516987 0)
(0.1006828452 0.0008786726274 0)
(0.1006951697 0.00087251875 0)
(0.1007450994 0.0008662301599 0)
(0.1007537168 0.0008595854033 0)
(0.1008050546 0.0008534520243 0)
(0.1008099491 0.0008475007059 0)
(0.1008635066 0.0008428347076 0)
(0.1008651904 0.000839030341 0)
(0.1009225415 0.0008373938522 0)
(0.1000893756 0.0005767471273 0)
(0.1000948932 0.0005872410404 0)
(0.1001075 0.0005980714396 0)
(0.1001139518 0.0006091692392 0)
(0.100128836 0.0006205492235 0)
(0.1001363627 0.0006321160933 0)
(0.1001538302 0.0006438814209 0)
(0.1001625552 0.0006557185263 0)
(0.1001829113 0.0006676369503 0)
(0.1001929223 0.0006794749809 0)
(0.1002164403 0.000691244586 0)
(0.1002277596 0.0007027474096 0)
(0.1002546544 0.0007140061047 0)
(0.1002672086 0.0007247867272 0)
(0.1002976096 0.0007351353893 0)
(0.1003112029 0.0007447860788 0)
(0.1003451347 0.0007538253925 0)
(0.1003594342 0.0007619600472 0)
(0.1003968128 0.0007693372062 0)
(0.1004113502 0.0007756405194 0)
(0.1004519988 0.000781098983 0)
(0.1004661943 0.0007853747994 0)
(0.1005098808 0.0007887993855 0)
(0.100523086 0.0007910110728 0)
(0.1005695797 0.0007924623917 0)
(0.1005811378 0.0007927610439 0)
(0.1006302811 0.0007924970267 0)
(0.1006396005 0.0007912375583 0)
(0.100691396 0.0007897238236 0)
(0.100698042 0.0007874718283 0)
(0.1007527645 0.0007853834908 0)
(0.1007565865 0.0007829124884 0)
(0.1008149486 0.0007811213402 0)
(0.1008162847 0.0007793818898 0)
(0.1008797053 0.0007788939397 0)
(0.1001174713 0.0004920387492 0)
(0.1001210134 0.0005001935924 0)
(0.1001316338 0.0005086821085 0)
(0.100135675 0.0005174061055 0)
(0.100148147 0.0005264507027 0)
(0.1001527747 0.0005356920579 0)
(0.1001673607 0.0005452249777 0)
(0.1001726564 0.0005548951924 0)
(0.1001896369 0.0005648080346 0)
(0.1001956731 0.000574774294 0)
(0.1002153306 0.0005849117486 0)
(0.1002221545 0.0005949922362 0)
(0.1002447602 0.0006051494739 0)
(0.1002523749 0.0006151134162 0)
(0.1002781711 0.0006250395444 0)
(0.1002865157 0.0006346145924 0)
(0.1003156978 0.0006440244695 0)
(0.100324628 0.0006529132449 0)
(0.1003573312 0.0006615088852 0)
(0.1003666068 0.000669415103 0)
(0.1004029015 0.0006769161494 0)
(0.100412184 0.0006835787194 0)
(0.1004520853 0.0006897593146 0)
(0.1004609521 0.0006949907939 0)
(0.1005044467 0.0006997183327 0)
(0.1005124239 0.0007034426379 0)
(0.100559518 0.0007067128745 0)
(0.1005661337 0.0007089964908 0)
(0.1006169236 0.000710959087 0)
(0.1006217863 0.0007120293613 0)
(0.1006765573 0.000712996444 0)
(0.1006794662 0.0007132370362 0)
(0.1007388291 0.0007136600044 0)
(0.1007399266 0.000713559849 0)
(0.1008050037 0.0007139368169 0)
(0.100121929 0.000420060724 0)
(0.1001241729 0.0004266506226 0)
(0.1001332726 0.0004335461985 0)
(0.1001357503 0.0004406456755 0)
(0.1001463963 0.0004480545858 0)
(0.1001491558 0.0004556481903 0)
(0.1001615729 0.0004635460488 0)
(0.1001646618 0.000471596581 0)
(0.1001790971 0.0004799342693 0)
(0.1001825641 0.0004883766816 0)
(0.1001992813 0.000497074521 0)
(0.1002031675 0.0005058104561 0)
(0.100222441 0.0005147533432 0)
(0.1002267707 0.0005236471473 0)
(0.1002488765 0.0005326819148 0)
(0.100253645 0.0005415597665 0)
(0.1002788504 0.000550496503 0)
(0.1002840095 0.0005591503952 0)
(0.1003125613 0.000567769463 0)
(0.1003180062 0.0005759675711 0)
(0.100350122 0.0005840335661 0)
(0.1003556809 0.0005915377492 0)
(0.1003915466 0.0005988204755 0)
(0.1003969796 0.0006054102542 0)
(0.1004367579 0.0006117110875 0)
(0.1004417683 0.000617211506 0)
(0.1004856228 0.0006223914757 0)
(0.1004898864 0.0006266999651 0)
(0.1005380278 0.0006307034602 0)
(0.1005412467 0.0006338080382 0)
(0.1005940056 0.0006366725611 0)
(0.1005959915 0.0006386492164 0)
(0.1006539262 0.0006404852292 0)
(0.1006547239 0.0006414533035 0)
(0.100718775 0.0006423663355 0)
(0.1001136216 0.0003566679975 0)
(0.1001150475 0.0003620571536 0)
(0.1001228836 0.0003677160902 0)
(0.100124396 0.0003735502801 0)
(0.1001335482 0.0003796653111 0)
(0.1001351727 0.0003859471787 0)
(0.1001458338 0.0003925160069 0)
(0.1001475962 0.0003992353344 0)
(0.1001599817 0.000406240719 0)
(0.100161912 0.0004133700587 0)
(0.1001762579 0.0004207753278 0)
(0.1001783858 0.0004282653735 0)
(0.1001949474 0.0004360097872 0)
(0.1001972981 0.0004437848216 0)
(0.100216346 0.0004517793225 0)
(0.1002189336 0.0004597335283 0)
(0.1002407487 0.0004678578072 0)
(0.1002435672 0.0004758534675 0)
(0.1002684341 0.0004839555727 0)
(0.100271448 0.0004918243935 0)
(0.1002996481 0.0004997241458 0)
(0.100302783 0.0005072728824 0)
(0.1003345903 0.0005147699786 0)
(0.1003377267 0.000521790961 0)
(0.1003734081 0.0005286777483 0)
(0.1003763821 0.0005349635893 0)
(0.1004162075 0.0005410409261 0)
(0.1004188234 0.0005464006011 0)
(0.1004630905 0.0005514927009 0)
(0.1004651494 0.0005557631183 0)
(0.1005142274 0.0005597232319 0)
(0.1005155772 0.00056276538 0)
(0.1005699745 0.0005654574975 0)
(0.1005705828 0.0005671172214 0)
(0.1006310399 0.00056834734 0)
(0.1001008043 0.0003005333752 0)
(0.1001017035 0.0003049978974 0)
(0.1001084445 0.000309696082 0)
(0.1001093474 0.0003145451311 0)
(0.1001172136 0.000319641054 0)
(0.1001181319 0.00032488493 0)
(0.1001272885 0.0003303860469 0)
(0.1001282342 0.0003360271097 0)
(0.1001388675 0.0003419314585 0)
(0.1001398573 0.0003479609759 0)
(0.1001521743 0.0003542538177 0)
(0.1001532275 0.0003606483396 0)
(0.1001674569 0.0003672983325 0)
(0.1001685938 0.0003740156701 0)
(0.100184985 0.0003809707172 0)
(0.1001862239 0.0003879458324 0)
(0.1002050453 0.0003951290302 0)
(0.1002063977 0.0004022702915 0)
(0.1002279342 0.000409576641 0)
(0.100229399 0.0004167631513 0)
(0.1002539486 0.0004240578312 0)
(0.1002555054 0.0004311386927 0)
(0.1002833758 0.0004382575879 0)
(0.1002849787 0.0004450537623 0)
(0.1003164858 0.0004518065926 0)
(0.10031806 0.0004581153181 0)
(0.1003535301 0.0004642908967 0)
(0.1003549745 0.0004698913052 0)
(0.1003947553 0.000475262671 0)
(0.100395954 0.0004799190302 0)
(0.1004404373 0.0004842430222 0)
(0.1004412836 0.0004876981001 0)
(0.1004909421 0.0004906990516 0)
(0.1004913782 0.0004926439542 0)
(0.1005468205 0.0004939645383 0)
(0.1000864929 0.0002502882019 0)
(0.100087057 0.0002539776079 0)
(0.1000928202 0.0002578648442 0)
(0.1000933465 0.0002618808038 0)
(0.1001000709 0.0002661075301 0)
(0.1001005637 0.0002704630158 0)
(0.1001083907 0.0002750405105 0)
(0.1001088545 0.0002797434548 0)
(0.1001179443 0.0002846769041 0)
(0.100118388 0.0002897279269 0)
(0.1001289203 0.0002950139452 0)
(0.1001293563 0.000300403594 0)
(0.1001415319 0.0003060272082 0)
(0.1001419759 0.0003117326845 0)
(0.1001560171 0.0003176637604 0)
(0.100156487 0.0003236451777 0)
(0.100172638 0.0003298344375 0)
(0.1001731517 0.0003360307274 0)
(0.1001916783 0.0003424056307 0)
(0.1001922501 0.0003487304096 0)
(0.1002134391 0.0003551912501 0)
(0.1002140756 0.0003615291035 0)
(0.1002382329 0.0003679456351 0)
(0.1002389286 0.0003741491852 0)
(0.1002663771 0.0003803580267 0)
(0.1002671097 0.0003862458297 0)
(0.100298189 0.0003920486007 0)
(0.100298917 0.0003974032681 0)
(0.1003339864 0.0004025643047 0)
(0.1003346503 0.0004071289109 0)
(0.1003740972 0.000411369259 0)
(0.100374626 0.0004148373066 0)
(0.10041888 0.0004178183181 0)
(0.1004192041 0.0004198081696 0)
(0.1004687607 0.0004210933289 0)
(0.1000729819 0.0002053811922 0)
(0.1000733359 0.0002084083873 0)
(0.1000782288 0.000211599783 0)
(0.1000785271 0.0002149001166 0)
(0.1000842369 0.0002183761871 0)
(0.10008448 0.000221962729 0)
(0.1000911273 0.0002257354662 0)
(0.1000913158 0.0002296179471 0)
(0.1000990372 0.0002336952366 0)
(0.1000991755 0.0002378783585 0)
(0.1001081255 0.0002422621081 0)
(0.1001082216 0.000246743439 0)
(0.1001185738 0.0002514272082 0)
(0.1001186397 0.0002561945718 0)
(0.100130588 0.0002611606137 0)
(0.1001306398 0.0002661888894 0)
(0.1001443996 0.000271404635 0)
(0.1001444562 0.000276651956 0)
(0.1001602657 0.0002820660134 0)
(0.1001603474 0.0002874694556 0)
(0.1001784683 0.0002930071452 0)
(0.1001785938 0.0002984780488 0)
(0.1001993105 0.0003040365156 0)
(0.1001994943 0.0003094555385 0)
(0.1002231125 0.000314898584 0)
(0.1002233604 0.0003201104522 0)
(0.1002502055 0.0003252630881 0)
(0.1002505105 0.0003300707552 0)
(0.1002809271 0.0003347128551 0)
(0.1002812647 0.0003388701194 0)
(0.1003156167 0.0003427273422 0)
(0.1003159417 0.000345927227 0)
(0.100354613 0.000348655504 0)
(0.1003548563 0.0003505093598 0)
(0.1003982546 0.0003516668986 0)
(0.1000608685 0.0001651144867 0)
(0.1000610909 0.0001675539333 0)
(0.1000652199 0.0001701262019 0)
(0.1000653819 0.0001727886756 0)
(0.100070202 0.0001755936369 0)
(0.1000703023 0.0001784909566 0)
(0.1000759155 0.0001815397051 0)
(0.1000759529 0.0001846814023 0)
(0.1000824756 0.0001879821893 0)
(0.100082452 0.000191374251 0)
(0.1000900158 0.0001949310576 0)
(0.1000899366 0.0001985743233 0)
(0.1000986902 0.0002023850002 0)
(0.1000985651 0.0002062731036 0)
(0.1001086752 0.0002103270006 0)
(0.1001085182 0.0002144437447 0)
(0.1001201713 0.0002187188087 0)
(0.1001200006 0.00022303491 0)
(0.1001334051 0.0002274941778 0)
(0.1001332419 0.0002319633647 0)
(0.1001486293 0.0002365507164 0)
(0.1001484964 0.0002411051454 0)
(0.1001661211 0.0002457402564 0)
(0.1001660415 0.0002502851588 0)
(0.1001861793 0.0002548576877 0)
(0.100186172 0.0002592651449 0)
(0.1002091194 0.0002636281042 0)
(0.1002091945 0.0002677298149 0)
(0.100235266 0.0002716917138 0)
(0.1002354185 0.0002752702329 0)
(0.1002649431 0.0002785849891 0)
(0.1002651445 0.0002813619467 0)
(0.1002984589 0.0002837147486 0)
(0.1002986458 0.000285333662 0)
(0.1003360882 0.0002863199326 0)
(0.1000506474 0.0001290763343 0)
(0.1000507901 0.0001309908 0)
(0.1000542626 0.000133009417 0)
(0.1000543472 0.0001351005927 0)
(0.1000584021 0.0001373036152 0)
(0.1000584266 0.000139581456 0)
(0.1000631504 0.0001419783381 0)
(0.1000631129 0.0001444512014 0)
(0.100068604 0.0001470493985 0)
(0.1000685052 0.0001497231146 0)
(0.1000748754 0.0001525269883 0)
(0.1000747193 0.0001554036487 0)
(0.1000820949 0.0001584130246 0)
(0.1000818894 0.0001614893799 0)
(0.1000904124 0.0001646977125 0)
(0.1000901696 0.000167963082 0)
(0.1000999998 0.0001713551635 0)
(0.1000997363 0.0001747887956 0)
(0.1001110532 0.0001783378537 0)
(0.1001107889 0.0001819056728 0)
(0.1001237934 0.0001855696979 0)
(0.1001235516 0.0001892203058 0)
(0.1001384655 0.0001929375367 0)
(0.1001382711 0.0001965973069 0)
(0.1001553366 0.0002002808578 0)
(0.1001552134 0.0002038480283 0)
(0.1001746918 0.0002073795416 0)
(0.1001746571 0.0002107172273 0)
(0.1001968267 0.0002139392135 0)
(0.100196885 0.0002168669865 0)
(0.1002220349 0.0002195733259 0)
(0.1002221672 0.0002218565548 0)
(0.1002505876 0.0002237804436 0)
(0.1002507368 0.0002251165657 0)
(0.1002827081 0.000225914805 0)
(0.1000422906 9.662839058e-05 0)
(0.1000423848 9.806644286e-05 0)
(0.1000453139 9.958249595e-05 0)
(0.1000453549 0.000101154161 0)
(0.1000487763 0.0001028096179 0)
(0.1000487621 0.0001045227046 0)
(0.1000527492 0.0001063250297 0)
(0.1000526776 0.0001081862348 0)
(0.1000573139 0.0001101414969 0)
(0.1000571851 0.0001121557398 0)
(0.1000625655 0.0001142677908 0)
(0.1000623826 0.0001164373266 0)
(0.1000686144 0.0001187067291 0)
(0.1000683841 0.0001210299411 0)
(0.1000755882 0.0001234526134 0)
(0.1000753211 0.0001259224178 0)
(0.1000836342 0.0001284879112 0)
(0.1000833446 0.0001310897454 0)
(0.1000929208 0.0001337789883 0)
(0.100092627 0.0001364882942 0)
(0.1001036392 0.0001392706531 0)
(0.1001033627 0.0001420496759 0)
(0.1001160024 0.0001448793029 0)
(0.1001157677 0.0001476730642 0)
(0.1001302446 0.0001504845174 0)
(0.1001300756 0.0001532159054 0)
(0.1001466174 0.0001559188483 0)
(0.1001465337 0.0001584827648 0)
(0.1001653828 0.0001609554628 0)
(0.1001653927 0.0001632117269 0)
(0.1001868003 0.0001652931195 0)
(0.1001868908 0.0001670577397 0)
(0.1002111063 0.0001685379462 0)
(0.1002112273 0.0001695727893 0)
(0.1002384861 0.0001701818118 0)
(0.1000358734 6.716620404e-05 0)
(0.1000359394 6.816877216e-05 0)
(0.100038442 6.922549507e-05 0)
(0.1000384605 7.032163629e-05 0)
(0.1000413845 7.14759447e-05 0)
(0.1000413535 7.267125151e-05 0)
(0.1000447617 7.39285148e-05 0)
(0.1000446789 7.52278399e-05 0)
(0.1000486432 7.659250021e-05 0)
(0.1000485087 7.799951475e-05 0)
(0.1000531104 7.947450688e-05 0)
(0.1000529269 8.099109112e-05 0)
(0.1000582581 8.257709401e-05 0)
(0.1000580313 8.420248128e-05 0)
(0.100064196 8.589699625e-05 0)
(0.1000639352 8.76266448e-05 0)
(0.1000710513 8.942281127e-05 0)
(0.1000707689 9.124699619e-05 0)
(0.10007897 9.313196883e-05 0)
(0.1000786822 9.503400575e-05 0)
(0.1000881177 9.698679921e-05 0)
(0.1000878443 9.894072879e-05 0)
(0.1000986801 0.0001009295687 0)
(0.1000984436 0.0001028971832 0)
(0.1001108619 0.0001048763357 0)
(0.100110685 0.0001068035568 0)
(0.1001248842 0.0001087094223 0)
(0.1001247861 0.000110521994 0)
(0.1001409776 0.0001122682247 0)
(0.1001409677 0.0001138664162 0)
(0.10015937 0.0001153380074 0)
(0.1001594381 0.0001165901598 0)
(0.1001802664 0.000117636633 0)
(0.1001803684 0.000118371953 0)
(0.1002038228 0.000118799653 0)
(0.1000313929 3.974167497e-05 0)
(0.1000314429 4.033585878e-05 0)
(0.1000336448 4.096203238e-05 0)
(0.1000336518 4.161182359e-05 0)
(0.1000362248 4.229596134e-05 0)
(0.100036187 4.300472534e-05 0)
(0.1000391867 4.375006668e-05 0)
(0.1000391018 4.452073893e-05 0)
(0.1000425917 4.53299894e-05 0)
(0.1000424598 4.616482349e-05 0)
(0.1000465116 4.703980174e-05 0)
(0.1000463351 4.794001422e-05 0)
(0.1000510298 4.888120376e-05 0)
(0.1000508139 4.984645993e-05 0)
(0.1000562435 5.085247893e-05 0)
(0.1000559962 5.188021082e-05 0)
(0.1000622655 5.294712688e-05 0)
(0.1000619978 5.403169452e-05 0)
(0.1000692252 5.515204034e-05 0)
(0.1000689519 5.628368271e-05 0)
(0.1000772697 5.744512738e-05 0)
(0.1000770089 5.860856359e-05 0)
(0.1000865641 5.979230112e-05 0)
(0.1000863366 6.096489894e-05 0)
(0.1000972911 6.214374758e-05 0)
(0.1000971178 6.329331623e-05 0)
(0.1001096488 6.442935975e-05 0)
(0.1001095477 6.551153935e-05 0)
(0.1001238436 6.655309296e-05 0)
(0.1001238244 6.750813264e-05 0)
(0.1001400793 6.838616423e-05 0)
(0.1001401338 6.913494917e-05 0)
(0.1001585382 6.975899741e-05 0)
(0.1001586268 7.019887089e-05 0)
(0.1001793573 7.045267984e-05 0)
(0.1000289746 1.320084998e-05 0)
(0.1000290207 1.339828943e-05 0)
(0.1000310557 1.360607936e-05 0)
(0.1000310622 1.382204658e-05 0)
(0.1000334402 1.404903434e-05 0)
(0.1000334052 1.428465873e-05 0)
(0.1000361779 1.453191184e-05 0)
(0.1000360993 1.478818084e-05 0)
(0.1000393255 1.505658847e-05 0)
(0.1000392033 1.533426531e-05 0)
(0.1000429493 1.562441949e-05 0)
(0.100042786 1.592392698e-05 0)
(0.1000471265 1.623597246e-05 0)
(0.100046927 1.655721938e-05 0)
(0.1000519475 1.689067853e-05 0)
(0.1000517191 1.72328288e-05 0)
(0.100057517 1.758637696e-05 0)
(0.1000572697 1.794757096e-05 0)
(0.1000639551 1.831870721e-05 0)
(0.1000637027 1.869571439e-05 0)
(0.1000713982 1.90803074e-05 0)
(0.100071158 1.946805517e-05 0)
(0.1000799997 1.98597986e-05 0)
(0.1000797909 2.025075247e-05 0)
(0.1000899295 2.06405341e-05 0)
(0.1000897718 2.102395623e-05 0)
(0.1001013722 2.139906616e-05 0)
(0.1001012823 2.17601403e-05 0)
(0.1001145201 2.210323316e-05 0)
(0.1001145068 2.242199383e-05 0)
(0.1001295624 2.270991538e-05 0)
(0.1001296176 2.295988129e-05 0)
(0.100146668 2.316229275e-05 0)
(0.1001467537 2.330912351e-05 0)
(0.1001659624 2.338709969e-05 0)
(0.08811836207 -0.006401677651 0)
(0.110513502 0.005915292662 0)
(0.08991243743 -0.005115283901 0)
(0.11205084 0.004497912932 0)
(0.09194427707 -0.004136116387 0)
(0.1131629503 0.003437854798 0)
(0.09368464148 -0.003394442486 0)
(0.1138587733 0.002645718596 0)
(0.09501661466 -0.002831381144 0)
(0.114193869 0.002035900708 0)
(0.09588642687 -0.002386105694 0)
(0.1142641508 0.001569520687 0)
(0.0962721901 -0.002011981699 0)
(0.1141311437 0.001220677389 0)
(0.09612206655 -0.001663249004 0)
(0.113772571 0.0009779803856 0)
(0.09529542739 -0.00127126692 0)
(0.1129578183 0.0008587875522 0)
(0.0933085604 -0.0006629878798 0)
(0.1108329736 0.001101317749 0)
(0.08883793961 -0.006383326588 0)
(0.1102458859 0.005876083341 0)
(0.09138494304 -0.005148557657 0)
(0.1116919665 0.004441616849 0)
(0.09379979247 -0.004168755996 0)
(0.1125498969 0.003373193598 0)
(0.09585099641 -0.003419279984 0)
(0.1128645403 0.002583582224 0)
(0.09753774103 -0.002844020266 0)
(0.1126613917 0.001980724171 0)
(0.09887584258 -0.002377245168 0)
(0.1119820286 0.001522884092 0)
(0.09994052176 -0.001959149528 0)
(0.1108068595 0.001173947247 0)
(0.1007892588 -0.00150524481 0)
(0.1090286349 0.0008931684611 0)
(0.1013724972 -0.0008427922828 0)
(0.10637639 0.0006463782535 0)
(0.1013361539 0.0005073060872 0)
(0.1021812014 0.0008246097715 0)
(0.08982762554 -0.00636507909 0)
(0.1096034649 0.005797149293 0)
(0.09321261632 -0.005165341701 0)
(0.1107968461 0.004353001038 0)
(0.09618580894 -0.004176015763 0)
(0.1111489084 0.00327838419 0)
(0.09864380144 -0.00340339016 0)
(0.1108248724 0.002480698607 0)
(0.1006313059 -0.002788519572 0)
(0.1099405396 0.001862003522 0)
(0.102157955 -0.00225885015 0)
(0.1086503777 0.001373016067 0)
(0.1032374483 -0.001745433588 0)
(0.1070912459 0.0009796143877 0)
(0.1038136843 -0.001160527568 0)
(0.1053535363 0.0006780982975 0)
(0.1037216574 -0.000347620614 0)
(0.1034174678 0.0005760765212 0)
(0.1026334965 0.001152947553 0)
(0.1013079372 0.001489513151 0)
(0.09100931858 -0.006344787086 0)
(0.1085715396 0.00568040416 0)
(0.094958902 -0.005156575044 0)
(0.1093607799 0.004227219517 0)
(0.09826653711 -0.00413958899 0)
(0.1091192482 0.003141896083 0)
(0.1008024953 -0.003325197114 0)
(0.1082684911 0.002327759134 0)
(0.1026088 -0.00265659764 0)
(0.1070968423 0.001690705377 0)
(0.1037101798 -0.002064622442 0)
(0.1058508931 0.001186336917 0)
(0.1041661787 -0.00148192966 0)
(0.1046623061 0.0007923743458 0)
(0.1040226942 -0.0008179451415 0)
(0.1035290656 0.0005319734046 0)
(0.1032789906 8.442630816e-05 0)
(0.1023323793 0.0006042172939 0)
(0.1019068688 0.001624531188 0)
(0.1011955483 0.001910833325 0)
(0.09231210962 -0.006316461997 0)
(0.1072098075 0.005528137293 0)
(0.09640359695 -0.005114577761 0)
(0.1075599456 0.004064176867 0)
(0.09961667053 -0.004056974913 0)
(0.1068739211 0.002971107887 0)
(0.1017888363 -0.003197618708 0)
(0.1058359456 0.002151481419 0)
(0.1030541191 -0.002484289985 0)
(0.1047795698 0.001516276957 0)
(0.1035679991 -0.001850192608 0)
(0.1038529338 0.001023459573 0)
(0.1035133712 -0.00122628255 0)
(0.10304322 0.0006590272983 0)
(0.1030205577 -0.0005226678301 0)
(0.1022504878 0.0004745667599 0)
(0.1021380976 0.0004054959708 0)
(0.1013677607 0.0007268406719 0)
(0.1009584312 0.00188403704 0)
(0.1006217139 0.002155285921 0)
(0.09364931947 -0.006273951977 0)
(0.1056392345 0.005347030286 0)
(0.09744780254 -0.005037055375 0)
(0.1056458587 0.003876048589 0)
(0.1001955785 -0.003935467802 0)
(0.1047726383 0.002786881981 0)
(0.1017834782 -0.003037955522 0)
(0.103809145 0.001975375763 0)
(0.1025049548 -0.002292463858 0)
(0.1029814109 0.001352040553 0)
(0.1026206624 -0.001629172031 0)
(0.1023008656 0.0008751749067 0)
(0.1023353639 -0.0009769588221 0)
(0.1016868317 0.000544580829 0)
(0.1017519334 -0.0002542553683 0)
(0.1010480063 0.0004491950793 0)
(0.100909328 0.0006582393449 0)
(0.1003445563 0.0008764518899 0)
(0.099976983 0.002005215547 0)
(0.09985810956 0.002338709352 0)
(0.09493525 -0.006211755629 0)
(0.1040063291 0.005146046269 0)
(0.09810972222 -0.004925907063 0)
(0.1038247141 0.003676013413 0)
(0.1002205539 -0.003783456253 0)
(0.102967363 0.002600911585 0)
(0.1012506963 -0.002856868956 0)
(0.102166854 0.001802293001 0)
(0.101587867 -0.002088798394 0)
(0.1015218286 0.001191473858 0)
(0.1014894342 -0.001405855876 0)
(0.1009828562 0.0007342550513 0)
(0.1011078688 -0.0007394474959 0)
(0.1004729039 0.000451390284 0)
(0.1005071399 -2.072869397e-05 0)
(0.0999297817 0.0004614497611 0)
(0.09974161628 0.0008478617699 0)
(0.09935986489 0.001034716157 0)
(0.09904192154 0.002050833075 0)
(0.09905928134 0.002456796105 0)
(0.09610336437 -0.006125557292 0)
(0.1024446232 0.004934582765 0)
(0.09848365984 -0.004785080849 0)
(0.1022102681 0.003470664565 0)
(0.09995907218 -0.003607053276 0)
(0.1014667616 0.002413247647 0)
(0.1005533203 -0.002659346261 0)
(0.1008247399 0.001627231796 0)
(0.1006404556 -0.001875650924 0)
(0.1003084256 0.001030587923 0)
(0.1004162115 -0.00118159137 0)
(0.09986069779 0.0006024255843 0)
(0.09998182301 -0.0005158184027 0)
(0.09942091066 0.0003848253082 0)
(0.09938725103 0.0001769403649 0)
(0.09894742852 0.0005093669168 0)
(0.09871496362 0.0009826589954 0)
(0.0984806449 0.001187522713 0)
(0.09822044328 0.002051471111 0)
(0.09831160158 0.002501954403 0)
(0.09711247959 -0.006012135955 0)
(0.1010513088 0.004718721902 0)
(0.09867574784 -0.004617043561 0)
(0.1008474364 0.003261503167 0)
(0.09959976342 -0.003409864345 0)
(0.1002436385 0.002221049318 0)
(0.09986948368 -0.002448054886 0)
(0.0997361787 0.001448491293 0)
(0.09978405858 -0.001655463806 0)
(0.09931770161 0.0008721752024 0)
(0.09947446657 -0.0009605153458 0)
(0.09893805713 0.0004860710182 0)
(0.09900966991 -0.0003113138669 0)
(0.09854954622 0.0003484005933 0)
(0.09844005478 0.0003388727224 0)
(0.09812815316 0.0005833575037 0)
(0.09787086543 0.001076097816 0)
(0.0977452739 0.001319695933 0)
(0.09754526279 0.002027152613 0)
(0.09767298142 0.002487621547 0)
(0.09794476166 -0.00586936736 0)
(0.09988321726 0.004499497928 0)
(0.09876534806 -0.004423612898 0)
(0.099747487 0.003047160901 0)
(0.09924158041 -0.003194373526 0)
(0.09927763938 0.002023053059 0)
(0.09926826834 -0.002225126998 0)
(0.09888216724 0.001267508708 0)
(0.09905794055 -0.001431484448 0)
(0.09854131003 0.000720624363 0)
(0.09869006229 -0.0007478076744 0)
(0.09821342969 0.0003904433664 0)
(0.09821443416 -0.0001304400809 0)
(0.09786180531 0.0003422889728 0)
(0.09768659278 0.0004677567474 0)
(0.09748179142 0.0006724472563 0)
(0.09722239277 0.001141111216 0)
(0.09717208664 0.001421696801 0)
(0.09702748417 0.00199140164 0)
(0.09717271835 0.00243126738 0)
(0.09860065658 -0.005696512447 0)
(0.09896302876 0.004275583396 0)
(0.09880228326 -0.00420603823 0)
(0.09890569349 0.00282638343 0)
(0.09893101349 -0.002962467416 0)
(0.09855225193 0.001819764393 0)
(0.09877737339 -0.001993142924 0)
(0.09824744092 0.00108712988 0)
(0.09847798403 -0.001208054989 0)
(0.0979666309 0.0005806670784 0)
(0.09807423379 -0.0005487881368 0)
(0.09767619467 0.0003192876921 0)
(0.09760524924 2.460937415e-05 0)
(0.09735064385 0.0003632394532 0)
(0.09713158512 0.0005689943647 0)
(0.0970072954 0.0007654333652 0)
(0.09676631654 0.001187695188 0)
(0.09676468224 0.001490812124 0)
(0.09666696527 0.001950201964 0)
(0.09681890334 0.002348219355 0)
(0.0990939811 -0.005493954748 0)
(0.09828657252 0.004044610484 0)
(0.09881630336 -0.003965462162 0)
(0.09830393401 0.002598461159 0)
(0.09868946632 -0.002716181553 0)
(0.09804491089 0.001612591555 0)
(0.09840745416 -0.001755397374 0)
(0.09781009806 0.0009109466853 0)
(0.09804836456 -0.0009900490199 0)
(0.0975732748 0.0004570738129 0)
(0.09762769529 -0.0003679534001 0)
(0.09730816362 0.0002745725343 0)
(0.09717983185 0.0001540465169 0)
(0.09700208286 0.0004054303017 0)
(0.09676715678 0.0006490672361 0)
(0.09669535969 0.0008527672931 0)
(0.09648906391 0.001222419858 0)
(0.09651513507 0.001529458359 0)
(0.09645618594 0.001904900293 0)
(0.09660606401 0.002251076702 0)
(0.09944763536 -0.005262845017 0)
(0.09782946682 0.003803656446 0)
(0.09882491183 -0.003703210768 0)
(0.09791126948 0.002363127374 0)
(0.09852325534 -0.002458068628 0)
(0.09772407527 0.001403686431 0)
(0.09815593957 -0.001515860669 0)
(0.09754056106 0.0007431782746 0)
(0.09776120411 -0.000782417931 0)
(0.09733404806 0.0003540751048 0)
(0.0973394885 -0.0002084056047 0)
(0.09708531167 0.0002559491672 0)
(0.09692385707 0.0002601857611 0)
(0.09679663963 0.0004615518329 0)
(0.09657362728 0.0007139908403 0)
(0.09652934099 0.000927999956 0)
(0.09636841771 0.001248477813 0)
(0.09640610617 0.00154294584 0)
(0.09638009582 0.001855229871 0)
(0.09651950122 0.002148859985 0)
(0.09968906682 -0.005004783767 0)
(0.09755476844 0.003549788312 0)
(0.09883670056 -0.003421064297 0)
(0.09768852356 0.002120789436 0)
(0.09842659742 -0.002191392389 0)
(0.09755304117 0.001196075081 0)
(0.09800809167 -0.001279122545 0)
(0.09740546876 0.0005884189947 0)
(0.09759710997 -0.0005898515365 0)
(0.0972186223 0.0002747392051 0)
(0.09718755212 -7.15761889e-05 0)
(0.09698091793 0.0002607363565 0)
(0.09681185404 0.0003467492342 0)
(0.09671144119 0.0005240857796 0)
(0.09652137953 0.0007682795006 0)
(0.09648692872 0.0009879737901 0)
(0.09637506047 0.001266599207 0)
(0.09641372305 0.001537353449 0)
(0.09641595872 0.001800949888 0)
(0.09653844744 0.002046904301 0)
(0.09984551863 -0.004721615789 0)
(0.09742203568 0.00328072724 0)
(0.09885322341 -0.003121519744 0)
(0.0975960407 0.001872935648 0)
(0.09838517363 -0.001920280226 0)
(0.09749649496 0.0009937126579 0)
(0.09794123099 -0.001050290292 0)
(0.09737312296 0.0004512300016 0)
(0.09752962552 -0.0004163731121 0)
(0.09719812803 0.000220490066 0)
(0.09714305519 4.282816898e-05 0)
(0.096969326 0.0002844062699 0)
(0.09681171811 0.0004179164757 0)
(0.09672302766 0.0005864974658 0)
(0.09657579151 0.0008144973136 0)
(0.09654309471 0.001032208758 0)
(0.09647641415 0.001276357183 0)
(0.09651147217 0.001518036822 0)
(0.09653621217 0.00174242152 0)
(0.09663946172 0.00194776368 0)
(0.09994042148 -0.004415421422 0)
(0.09739529516 0.002995477562 0)
(0.09887206961 -0.002808075205 0)
(0.09760014344 0.001622418878 0)
(0.09838213371 -0.001649777754 0)
(0.09752508067 0.00080135119 0)
(0.09793178473 -0.0008346883442 0)
(0.09741685979 0.0003356401878 0)
(0.09753229631 -0.0002648639479 0)
(0.0972480283 0.0001908559804 0)
(0.09717715624 0.0001366457875 0)
(0.09702835894 0.000321378926 0)
(0.09689160584 0.0004774748136 0)
(0.0968095222 0.000643986729 0)
(0.09670399799 0.0008534914226 0)
(0.09667316106 0.001061926348 0)
(0.09664211403 0.001277264522 0)
(0.09667393456 0.001489027544 0)
(0.09671378645 0.001680554834 0)
(0.09679970524 0.001852374026 0)
(0.09999229095 -0.004088672638 0)
(0.09744651973 0.002694734363 0)
(0.09889084781 -0.002485408021 0)
(0.09767470251 0.001373424049 0)
(0.09840397527 -0.0013857046 0)
(0.09761558231 0.0006241411985 0)
(0.09796142696 -0.0006373324524 0)
(0.09751498783 0.0002445834855 0)
(0.09758438581 -0.0001366226753 0)
(0.09734835179 0.0001835072262 0)
(0.09726643039 0.0002128780494 0)
(0.09713966902 0.0003659350063 0)
(0.09702550777 0.000528312763 0)
(0.09695148506 0.0006936910527 0)
(0.0968799622 0.0008851078469 0)
(0.0968549063 0.001079103829 0)
(0.09684815409 0.001269416747 0)
(0.09687920886 0.001453136947 0)
(0.09692662656 0.001616539057 0)
(0.09699925026 0.001760973221 0)
(0.1000157054 -0.003744406405 0)
(0.09755443743 0.002381035115 0)
(0.09890959256 -0.002159229933 0)
(0.09779886326 0.001131267246 0)
(0.0984428789 -0.001134200966 0)
(0.09774863416 0.0004670493053 0)
(0.09801887258 -0.0004622989463 0)
(0.09764925094 0.0001793596817 0)
(0.09767217179 -3.11790053e-05 0)
(0.09748277091 0.0001945372129 0)
(0.0973941769 0.0002750767632 0)
(0.09728806044 0.0004129453425 0)
(0.09719476507 0.0005722109485 0)
(0.09713199377 0.0007343585426 0)
(0.09708545675 0.0009088981302 0)
(0.09706957961 0.001085748915 0)
(0.09707758587 0.0012535667 0)
(0.09710977899 0.001412279325 0)
(0.09715895978 0.001551522961 0)
(0.09722204662 0.001673551011 0)
(0.1000223242 -0.003386133161 0)
(0.09770225524 0.002058364008 0)
(0.09893042438 -0.001836382663 0)
(0.09795496161 0.0009020118851 0)
(0.09849528217 -0.0009010878463 0)
(0.09790747383 0.0003343241787 0)
(0.09809782846 -0.0003120600041 0)
(0.0978043566 0.0001394468672 0)
(0.097786707 5.366537684e-05 0)
(0.09763826912 0.0002191338605 0)
(0.09754856192 0.0003267701594 0)
(0.09746108676 0.0004584482214 0)
(0.09738640283 0.000610026207 0)
(0.09733678316 0.0007658997483 0)
(0.09730804329 0.0009246803844 0)
(0.09730227298 0.001083639329 0)
(0.09731871724 0.001230951392 0)
(0.09735238863 0.001367876008 0)
(0.09739996411 0.001486492657 0)
(0.09745589399 0.001590071931 0)
(0.1000207703 -0.003019296056 0)
(0.09787704191 0.001733726729 0)
(0.09895606178 -0.001525268279 0)
(0.09812871296 0.0006915629414 0)
(0.09855956978 -0.0006915984529 0)
(0.09807867132 0.0002286249947 0)
(0.09819434935 -0.0001874121302 0)
(0.09796882146 0.0001223219901 0)
(0.09792129527 0.0001211714606 0)
(0.09780549692 0.0002521472657 0)
(0.09772058643 0.0003707599832 0)
(0.09764915687 0.0004997072122 0)
(0.09759109439 0.0006418725594 0)
(0.097554638 0.0007887765153 0)
(0.09753886667 0.0009326270901 0)
(0.09754201158 0.001074190982 0)
(0.0975632577 0.00120289207 0)
(0.09759762866 0.001321000114 0)
(0.09764213264 0.001422141536 0)
(0.09769208763 0.001510431246 0)
(0.1000164428 -0.002650408369 0)
(0.098069407 0.001416729425 0)
(0.09898804434 -0.001233914374 0)
(0.09830948737 0.0005059721126 0)
(0.09863445598 -0.0005091727403 0)
(0.09825264721 0.0001511049203 0)
(0.09830518041 -8.705636922e-05 0)
(0.09813528515 0.0001241464519 0)
(0.09807015629 0.0001752574451 0)
(0.09797855201 0.0002890118746 0)
(0.09790310422 0.0004090206248 0)
(0.09784533249 0.0005352871043 0)
(0.09780196013 0.0006676450652 0)
(0.0977774083 0.0008037813452 0)
(0.09777142532 0.0009333597856 0)
(0.09778135454 0.001058661655 0)
(0.09780532214 0.001170685713 0)
(0.0978393021 0.001272587197 0)
(0.09788030219 0.001358997419 0)
(0.09792486706 0.001434543857 0)
(0.1000119807 -0.002285570721 0)
(0.09827269311 0.001115302627 0)
(0.09902742314 -0.0009695339904 0)
(0.09849030737 0.0003496431663 0)
(0.09871903271 -0.000355814517 0)
(0.09842366817 0.0001006648954 0)
(0.09842759207 -8.310142424e-06 0)
(0.09830014167 0.0001400195406 0)
(0.09822848254 0.0002195221851 0)
(0.09815430393 0.0003259762496 0)
(0.09809086954 0.0004424797173 0)
(0.09804496636 0.0005645662963 0)
(0.09801424769 0.0006871578236 0)
(0.09799976773 0.0008116779161 0)
(0.0980012797 0.0009276672274 0)
(0.09801582981 0.001038099612 0)
(0.09804117686 0.001135389383 0)
(0.09807385054 0.001223357461 0)
(0.09811133951 0.001297378812 0)
(0.098150925 0.001362257727 0)
(0.1000083085 -0.001931751324 0)
(0.09848161833 0.0008372782445 0)
(0.0990750458 -0.0007371910347 0)
(0.09866648268 0.0002252039217 0)
(0.09881251974 -0.0002314031323 0)
(0.09858868741 7.44821078e-05 0)
(0.09855901785 5.272454041e-05 0)
(0.09846210535 0.0001650073731 0)
(0.09839229168 0.0002569935555 0)
(0.09833101748 0.0003605405803 0)
(0.09828016511 0.0004714615701 0)
(0.09824480131 0.0005875863976 0)
(0.09822469332 0.0007005002874 0)
(0.09821831845 0.0008132877846 0)
(0.09822550019 0.0009165042292 0)
(0.09824287813 0.001013513691 0)
(0.09826864094 0.001097924018 0)
(0.09829940674 0.001173924164 0)
(0.09833353322 0.001237516833 0)
(0.09836854518 0.001293418261 0)
(0.1000056163 -0.001596282887 0)
(0.09869107326 0.0005903261947 0)
(0.09913149995 -0.0005401590188 0)
(0.09883454881 0.0001331056851 0)
(0.09891383751 -0.0001339001872 0)
(0.09874618391 6.82285633e-05 0)
(0.09869666569 0.000100271943 0)
(0.09862079059 0.0001945844592 0)
(0.09855814078 0.0002896637496 0)
(0.09850718434 0.0003911942548 0)
(0.09846816194 0.0004958425156 0)
(0.09844215892 0.0006046082978 0)
(0.09843076919 0.0007079368922 0)
(0.09843063549 0.0008093500292 0)
(0.09844196539 0.0009007707969 0)
(0.09846081295 0.0009857846697 0)
(0.09848628155 0.001059037251 0)
(0.09851480307 0.001124783439 0)
(0.09854577263 0.00117959911 0)
(0.09857663717 0.001227919701 0)
(0.1000038548 -0.001286032765 0)
(0.09889562916 0.0003805871904 0)
(0.09919693342 -0.0003795474056 0)
(0.09899189248 7.162786556e-05 0)
(0.09902130073 -5.962511748e-05 0)
(0.0988954703 7.683060928e-05 0)
(0.09883742756 0.0001383142713 0)
(0.09877584346 0.0002251934694 0)
(0.09872298133 0.0003185951107 0)
(0.09868100541 0.0004172642561 0)
(0.09865243803 0.0005154319905 0)
(0.09863456568 0.0006160192046 0)
(0.09863023191 0.000709917828 0)
(0.09863470736 0.0008005631129 0)
(0.09864893306 0.000881239826 0)
(0.09866828095 0.00095558857 0)
(0.0986929752 0.001019193782 0)
(0.09871911777 0.001076137611 0)
(0.09874716794 0.001123536373 0)
(0.09877430486 0.00116541892 0)
(0.1000028984 -0.001006830428 0)
(0.09908973351 0.000211865343 0)
(0.099270854 -0.0002541539947 0)
(0.09913674811 3.697963584e-05 0)
(0.09913253084 -3.951891053e-06 0)
(0.09903627718 9.514321819e-05 0)
(0.09897802497 0.000170057415 0)
(0.09892651463 0.0002543889051 0)
(0.09888408809 0.0003441329369 0)
(0.09885032346 0.0004386031697 0)
(0.09883069718 0.0005301818291 0)
(0.09881963342 0.0006223063478 0)
(0.09882090515 0.0007071167443 0)
(0.09882860971 0.0007877838494 0)
(0.0988447009 0.0008588541316 0)
(0.09886384822 0.0009238241386 0)
(0.09888745783 0.0009791440239 0)
(0.09891121578 0.001028541736 0)
(0.09893661447 0.001069658711 0)
(0.09896044331 0.001106039006 0)
(0.1000025783 -0.0007633183213 0)
(0.09926814804 8.565128986e-05 0)
(0.0993519018 -0.0001603106877 0)
(0.09926821448 2.399109455e-05 0)
(0.09924460245 3.79255622e-05 0)
(0.09916847271 0.0001185547343 0)
(0.09911528718 0.0001975701543 0)
(0.09907156904 0.000280654156 0)
(0.09903903759 0.0003660673714 0)
(0.09901281925 0.0004551552737 0)
(0.09900074176 0.0005399555346 0)
(0.09899518669 0.000623612976 0)
(0.09900084844 0.0006997237389 0)
(0.09901070628 0.0007711771383 0)
(0.09902788573 0.00083366521 0)
(0.0990463505 0.0008904008606 0)
(0.0990686812 0.0009386141779 0)
(0.09909008429 0.0009815779403 0)
(0.09911305093 0.001017414337 0)
(0.099133914 0.001049143291 0)
(0.1000027248 -0.0005580535017 0)
(0.09942659156 2.047798962e-07 0)
(0.09943761493 -9.230083332e-05 0)
(0.09938598118 2.710109847e-05 0)
(0.09935420818 7.067421776e-05 0)
(0.09929171713 0.0001437060546 0)
(0.0992462969 0.0002221927976 0)
(0.0992092773 0.0003035480251 0)
(0.09918553797 0.0003845315901 0)
(0.09916602784 0.0004676073359 0)
(0.09916021917 0.0005456879987 0)
(0.09915890053 0.0006212651963 0)
(0.09916787278 0.0006893487926 0)
(0.09917902607 0.0007524568986 0)
(0.09919674956 0.0008073400416 0)
(0.09921429071 0.0008567908178 0)
(0.09923537305 0.0008987758201 0)
(0.09925463412 0.0009360581411 0)
(0.09927550068 0.0009672512321 0)
(0.09929377177 0.0009948458867 0)
(0.1000031704 -0.0003892343196 0)
(0.09956227577 -5.084750037e-05 0)
(0.09952497004 -4.451122021e-05 0)
(0.09949037643 4.020650982e-05 0)
(0.09945822609 9.737567935e-05 0)
(0.09940552211 0.0001678395321 0)
(0.09936875431 0.0002436370406 0)
(0.09933796118 0.0003219724984 0)
(0.09932186855 0.0003980907126 0)
(0.0993081777 0.0004746114689 0)
(0.09930757942 0.0005458168839 0)
(0.09930942105 0.0006136773036 0)
(0.09932076405 0.000674406957 0)
(0.09933243918 0.0007301853281 0)
(0.09935011601 0.0007786201091 0)
(0.09936633429 0.0008220562437 0)
(0.09938595478 0.0008590178269 0)
(0.09940303857 0.0008917655829 0)
(0.09942193678 0.0009192901321 0)
(0.0994378905 0.0009436023102 0)
(0.1000036629 -0.0002496208531 0)
(0.09967298002 -7.293546544e-05 0)
(0.09961062248 -1.07398836e-05 0)
(0.09958181508 5.906621116e-05 0)
(0.09955378764 0.0001212004993 0)
(0.09950873368 0.0001911053975 0)
(0.09948025963 0.0002640723636 0)
(0.0994551698 0.0003387526792 0)
(0.09944551643 0.0004101505072 0)
(0.09943659841 0.000480154692 0)
(0.09944030779 0.0005445776008 0)
(0.09944457934 0.0006048567168 0)
(0.09945786283 0.0006583931553 0)
(0.09946993117 0.000706963775 0)
(0.09948769453 0.0007490607571 0)
(0.09950289579 0.0007865536271 0)
(0.09952144821 0.0008185542022 0)
(0.09953673784 0.0008468056358 0)
(0.09955398172 0.0008706997926 0)
(0.09956783419 0.0008917502975 0)
(0.1000049898 -0.0001061001883 0)
(0.09986416359 -3.674595778e-05 0)
(0.09979361995 3.83860656e-05 0)
(0.09976309896 0.0001032643375 0)
(0.09974959875 0.0001646503022 0)
(0.09972105951 0.0002295246799 0)
(0.09971030667 0.0002945650355 0)
(0.09969746643 0.0003586373081 0)
(0.09970019393 0.0004187459892 0)
(0.09969938939 0.0004754751315 0)
(0.09970991951 0.0005269565665 0)
(0.09971670366 0.000573853861 0)
(0.09973152804 0.0006152247363 0)
(0.0997420557 0.0006520553467 0)
(0.09975806274 0.0006839810992 0)
(0.09976960086 0.0007120511309 0)
(0.09978492463 0.0007361556916 0)
(0.09979591288 0.0007572503101 0)
(0.09980963242 0.0007752949354 0)
(0.09981933885 0.0007910912174 0)
(0.1000062717 -7.356076307e-06 0)
(0.09995842619 2.621943223e-05 0)
(0.09992604975 8.811712633e-05 0)
(0.09989893002 0.0001475696324 0)
(0.09989866067 0.0002029809018 0)
(0.0998840114 0.000257442766 0)
(0.09988705317 0.0003096857425 0)
(0.09988193313 0.0003588415025 0)
(0.09989187084 0.000403860789 0)
(0.09989419532 0.0004448403414 0)
(0.09990759436 0.0004814996386 0)
(0.09991401761 0.0005141755766 0)
(0.09992862443 0.0005429278993 0)
(0.09993674367 0.0005682291819 0)
(0.09995087375 0.0005902908346 0)
(0.09995908764 0.0006095806072 0)
(0.09997184215 0.0006263306392 0)
(0.09997931288 0.0006409434556 0)
(0.0999903608 0.0006536190888 0)
(0.09999674815 0.0006646807538 0)
(0.1000069771 1.894628777e-05 0)
(0.09998544187 5.952613677e-05 0)
(0.09998121567 0.0001111544172 0)
(0.09996281951 0.0001627888026 0)
(0.09997093082 0.0002109069808 0)
(0.09996406224 0.0002560288229 0)
(0.0999753034 0.0002981024489 0)
(0.09997475556 0.0003366711745 0)
(0.09998876146 0.0003715644951 0)
(0.09999253111 0.0004027908374 0)
(0.1000071649 0.0004305578338 0)
(0.1000128211 0.0004550551442 0)
(0.1000267245 0.0004766013566 0)
(0.1000328147 0.0004954515932 0)
(0.100045269 0.0005119412026 0)
(0.1000509761 0.0005263136528 0)
(0.1000617352 0.0005388645649 0)
(0.1000666908 0.0005497941384 0)
(0.1000757878 0.0005593431023 0)
(0.1000798805 0.0005676637915 0)
(0.1000071834 2.477162567e-05 0)
(0.09999335099 7.101559076e-05 0)
(0.1000030081 0.0001177063623 0)
(0.09999216974 0.0001625711366 0)
(0.1000052556 0.0002040201605 0)
(0.1000021765 0.0002417370687 0)
(0.1000167441 0.0002760555197 0)
(0.1000177571 0.0003068185933 0)
(0.1000325785 0.0003343002915 0)
(0.1000360135 0.000358554739 0)
(0.1000500418 0.0003799871738 0)
(0.1000544032 0.0003987486258 0)
(0.1000669993 0.000415235528 0)
(0.1000714098 0.0004296092316 0)
(0.1000823319 0.0004422154419 0)
(0.1000863233 0.0004531914091 0)
(0.100095583 0.0004628197665 0)
(0.1000989572 0.0004712044006 0)
(0.100106707 0.0004785700409 0)
(0.1001094186 0.0004849895916 0)
(0.1000070823 2.457752229e-05 0)
(0.09999560224 7.029175836e-05 0)
(0.1000104451 0.0001126211279 0)
(0.1000038657 0.0001514858363 0)
(0.1000192152 0.0001868147837 0)
(0.1000178853 0.0002183624755 0)
(0.1000334228 0.0002466351873 0)
(0.1000349813 0.0002716353241 0)
(0.1000496034 0.0002938199823 0)
(0.1000525841 0.000313265276 0)
(0.1000657126 0.0003304142813 0)
(0.1000691016 0.000345376597 0)
(0.1000804783 0.0003585366206 0)
(0.1000837153 0.0003699956793 0)
(0.1000933528 0.000380070207 0)
(0.1000961717 0.000388839719 0)
(0.1001042249 0.0003965572402 0)
(0.1001065307 0.0004032786035 0)
(0.1001132161 0.0004092039977 0)
(0.1001150035 0.000414368746 0)
(0.1000066886 2.235982225e-05 0)
(0.09999643809 6.411984624e-05 0)
(0.1000123573 0.0001016684682 0)
(0.100007913 0.0001352028772 0)
(0.1000235051 0.0001652533139 0)
(0.1000228612 0.0001917513224 0)
(0.100037806 0.0002152679186 0)
(0.1000392373 0.0002358650538 0)
(0.1000527411 0.0002540455887 0)
(0.100055062 0.0002698951398 0)
(0.1000668452 0.0002838451084 0)
(0.1000693612 0.0002959820183 0)
(0.1000793893 0.0003066588322 0)
(0.1000817279 0.000315944841 0)
(0.1000901284 0.0003241208798 0)
(0.1000921205 0.0003312358496 0)
(0.1000990948 0.0003375106614 0)
(0.1001006848 0.0003429760586 0)
(0.1001064562 0.0003478058297 0)
(0.100107647 0.0003520162524 0)
(0.1000061322 1.948335072e-05 0)
(0.09999687491 5.594219326e-05 0)
(0.1000120446 8.83675772e-05 0)
(0.1000085523 0.0001169107987 0)
(0.1000231852 0.0001422442341 0)
(0.1000227083 0.0001644062172 0)
(0.1000363608 0.000183966796 0)
(0.1000374919 0.0002010099768 0)
(0.1000495845 0.0002160144939 0)
(0.1000513479 0.0002290615788 0)
(0.1000617395 0.0002405394093 0)
(0.1000636098 0.0002505152601 0)
(0.1000723604 0.0002592970368 0)
(0.1000740664 0.000266933466 0)
(0.1000813454 0.0002736657046 0)
(0.1000827699 0.0002795254325 0)
(0.1000887875 0.0002847010641 0)
(0.1000898952 0.0002892105261 0)
(0.1000948645 0.0002932017712 0)
(0.100095661 0.0002966822362 0)
(0.1000054771 1.64909418e-05 0)
(0.09999720084 4.736961296e-05 0)
(0.100010851 7.471329094e-05 0)
(0.1000078368 9.862315779e-05 0)
(0.1000209177 0.0001197361772 0)
(0.1000204012 0.0001381259626 0)
(0.1000324272 0.0001543089992 0)
(0.1000332114 0.000168369949 0)
(0.100043745 0.0001807306631 0)
(0.100045027 0.0001914635088 0)
(0.1000540047 0.0002009023793 0)
(0.1000553708 0.0002091018111 0)
(0.1000628904 0.0002163224379 0)
(0.1000641303 0.0002226013941 0)
(0.1000703649 0.0002281409251 0)
(0.1000713881 0.0002329638703 0)
(0.1000765334 0.000237227477 0)
(0.1000773119 0.0002409437266 0)
(0.1000815586 0.0002442358324 0)
(0.1000820953 0.0002471077591 0)
(0.1000047917 1.362095415e-05 0)
(0.09999751195 3.913286193e-05 0)
(0.1000094173 6.168385384e-05 0)
(0.1000067361 8.134689284e-05 0)
(0.1000180973 9.866759543e-05 0)
(0.1000175202 0.0001137243672 0)
(0.1000278851 0.0001269564898 0)
(0.1000283938 0.0001384415463 0)
(0.1000374197 0.0001485327447 0)
(0.1000383454 0.0001572924893 0)
(0.1000460049 0.0001649967994 0)
(0.1000470094 0.0001716906936 0)
(0.1000534061 0.0001775878107 0)
(0.1000543186 0.0001827180739 0)
(0.1000596128 0.000187246478 0)
(0.1000603591 0.000191191204 0)
(0.1000647243 0.0001946802138 0)
(0.1000652805 0.0001977230157 0)
(0.1000688828 0.0002004197403 0)
(0.1000692496 0.0002027735758 0)
(0.1000041295 1.097368559e-05 0)
(0.09999780741 3.153140371e-05 0)
(0.1000079911 4.968998512e-05 0)
(0.1000055937 6.550667922e-05 0)
(0.1000152802 7.942462561e-05 0)
(0.1000146595 9.151509994e-05 0)
(0.1000234576 0.0001021344272 0)
(0.1000237556 0.0001113496328 0)
(0.1000313936 0.0001194450888 0)
(0.1000320527 0.00012647345 0)
(0.1000385208 0.0001326555855 0)
(0.1000392601 0.0001380289891 0)
(0.1000446553 0.0001427638595 0)
(0.1000453321 0.0001468851004 0)
(0.1000497946 0.0001505237807 0)
(0.1000503458 0.0001536952407 0)
(0.1000540248 0.0001565009354 0)
(0.1000544285 0.0001589492233 0)
(0.1000574653 0.0001611193806 0)
(0.1000577201 0.000163014697 0)
(0.1000035222 8.576073515e-06 0)
(0.09999809767 2.464556232e-05 0)
(0.1000067251 3.883627372e-05 0)
(0.1000046125 5.11950482e-05 0)
(0.1000127982 6.206648963e-05 0)
(0.1000121845 7.151092818e-05 0)
(0.1000196008 7.980530712e-05 0)
(0.1000197659 8.700504486e-05 0)
(0.1000261936 9.33303341e-05 0)
(0.1000266716 9.882436297e-05 0)
(0.100032109 0.0001036576191 0)
(0.1000326647 0.0001078609031 0)
(0.1000371975 0.0001115652893 0)
(0.1000377108 0.0001147914839 0)
(0.1000414591 0.0001176402632 0)
(0.100041876 0.0001201247234 0)
(0.1000449663 0.00012232277 0)
(0.1000452671 0.0001242419482 0)
(0.1000478187 0.000125943059 0)
(0.1000480008 0.0001274296062 0)
(0.100003 6.415361428e-06 0)
(0.09999835219 1.84380216e-05 0)
(0.1000056523 2.905363158e-05 0)
(0.1000037996 3.830015224e-05 0)
(0.1000107142 4.643291817e-05 0)
(0.1000101303 5.349998253e-05 0)
(0.1000163854 5.970640076e-05 0)
(0.1000164655 6.509577219e-05 0)
(0.1000218827 6.983083485e-05 0)
(0.1000222351 7.394549578e-05 0)
(0.1000268159 7.756556098e-05 0)
(0.1000272423 8.071534213e-05 0)
(0.1000310605 8.349142946e-05 0)
(0.1000314586 8.591039333e-05 0)
(0.1000346162 8.804640186e-05 0)
(0.1000349394 8.991020028e-05 0)
(0.1000375432 9.155906074e-05 0)
(0.1000377737 9.299946309e-05 0)
(0.1000399243 9.427605587e-05 0)
(0.1000400589 9.539220367e-05 0)
(0.100002579 4.454583863e-06 0)
(0.09999856655 1.280397288e-05 0)
(0.100004813 2.017588355e-05 0)
(0.1000031883 2.659894279e-05 0)
(0.1000090986 3.224838415e-05 0)
(0.1000085609 3.715934028e-05 0)
(0.1000139028 4.147246432e-05 0)
(0.1000139371 4.521937365e-05 0)
(0.1000185617 4.851159421e-05 0)
(0.1000188339 5.137373921e-05 0)
(0.1000227438 5.389195385e-05 0)
(0.1000230842 5.608401894e-05 0)
(0.100026343 5.801601834e-05 0)
(0.1000266637 5.970023781e-05 0)
(0.1000293589 6.11873748e-05 0)
(0.1000296193 6.248556922e-05 0)
(0.1000318422 6.363393457e-05 0)
(0.1000320262 6.46375577e-05 0)
(0.1000338627 6.552690277e-05 0)
(0.100033967 6.630481741e-05 0)
(0.1000022779 2.63533661e-06 0)
(0.09999872049 7.574372315e-06 0)
(0.1000042177 1.19339076e-05 0)
(0.1000027622 1.573286679e-05 0)
(0.1000079613 1.907416018e-05 0)
(0.1000074642 2.197928263e-05 0)
(0.1000121608 2.453073987e-05 0)
(0.1000121702 2.674778535e-05 0)
(0.1000162354 2.869582382e-05 0)
(0.1000164577 3.038983123e-05 0)
(0.1000198947 3.188028575e-05 0)
(0.1000201801 3.317806182e-05 0)
(0.100023045 3.432184782e-05 0)
(0.1000233159 3.531922386e-05 0)
(0.1000256856 3.619984709e-05 0)
(0.1000259055 3.696880321e-05 0)
(0.1000278603 3.764895798e-05 0)
(0.1000280148 3.824355215e-05 0)
(0.10002963 3.877038439e-05 0)
(0.1000297158 3.923133927e-05 0)
(0.1000021025 8.771032489e-07 0)
(0.09999880895 2.518678133e-06 0)
(0.1000038773 3.966932822e-06 0)
(0.1000025319 5.228647993e-06 0)
(0.1000073318 6.338336816e-06 0)
(0.1000068715 7.303026918e-06 0)
(0.1000112082 8.150259232e-06 0)
(0.1000112162 8.886393762e-06 0)
(0.1000149708 9.53321037e-06 0)
(0.1000151757 1.009567752e-05 0)
(0.1000183506 1.059054343e-05 0)
(0.1000186141 1.102146816e-05 0)
(0.1000212609 1.140122052e-05 0)
(0.100021511 1.173242293e-05 0)
(0.1000237005 1.202479033e-05 0)
(0.1000239036 1.228016489e-05 0)
(0.10002571 1.250596385e-05 0)
(0.1000258527 1.270345781e-05 0)
(0.1000273454 1.287833919e-05 0)
(0.1000274247 1.303147301e-05 0)
)
;

boundaryField
{
    top
    {
        type            fixedValue;
        value           uniform (0.1 0 0);
    }
    inlet
    {
        type            fixedValue;
        value           uniform (0.1 0 0);
    }
    outlet
    {
        type            zeroGradient;
    }
    plate
    {
        type            fixedValue;
        value           uniform (0 0 0);
    }
    symmBound
    {
        type            zeroGradient;
    }
    frontAndBack
    {
        type            empty;
    }
}


// ************************************************************************* //
